4.934375e-06	0.00143065
4.935374999999999e-06	0.00143065
4.936375e-06	0.00145075
4.9373749999999995e-06	0.0014206
4.938375e-06	0.00141055
4.939375e-06	0.00141055
4.940374999999999e-06	0.0014005
4.941375e-06	0.0013804
4.942374999999999e-06	0.00137035
4.943375e-06	0.00139045
4.9443749999999996e-06	0.0013804
4.945375e-06	0.0013804
4.946375e-06	0.0014005
4.947374999999999e-06	0.0014005
4.948375e-06	0.0013804
4.9493749999999995e-06	0.0014608
4.950375e-06	0.0014206
4.951375e-06	0.00143065
4.952374999999999e-06	0.0014206
4.953375e-06	0.0014407
4.9543749999999995e-06	0.0014407
4.955375e-06	0.0014608
4.956375e-06	0.00147085
4.957374999999999e-06	0.00145075
4.958375e-06	0.0014809
4.959374999999999e-06	0.0014809
4.960375e-06	0.0014608
4.9613749999999996e-06	0.0014206
4.962375e-06	0.0014407
4.963375e-06	0.00143065
4.964374999999999e-06	0.0014608
4.965375e-06	0.0014206
4.9663749999999995e-06	0.0014608
4.967375e-06	0.0014407
4.968375e-06	0.0014206
4.969374999999999e-06	0.0014206
4.970375e-06	0.0014005
4.9713749999999995e-06	0.00139045
4.972375e-06	0.00141055
4.973375e-06	0.0014407
4.974374999999999e-06	0.0014608
4.975375e-06	0.0014608
4.9763749999999994e-06	0.00147085
4.977375e-06	0.0014608
4.978375e-06	0.00145075
4.979375e-06	0.00147085
4.980375e-06	0.00143065
4.981374999999999e-06	0.0014407
4.982375e-06	0.00147085
4.9833749999999995e-06	0.00145075
4.984375e-06	0.00143065
4.985375e-06	0.0014608
4.986374999999999e-06	0.0014407
4.987375e-06	0.00145075
4.9883749999999995e-06	0.0014407
4.989375e-06	0.0014407
4.990375e-06	0.00145075
4.991374999999999e-06	0.00145075
4.992375e-06	0.00147085
4.9933749999999994e-06	0.00147085
4.994375e-06	0.00150101
4.995375e-06	0.00151106
4.996375e-06	0.0014809
4.997375e-06	0.00149095
4.998374999999999e-06	0.00149095
4.999375e-06	0.0014809
5.0003749999999995e-06	0.00145075
5.001375e-06	0.0014608
5.002375e-06	0.00145075
5.003374999999999e-06	0.0014608
5.004375e-06	0.00143065
5.0053749999999995e-06	0.00143065
5.006375e-06	0.0014407
5.007375e-06	0.0014206
5.008374999999999e-06	0.00139045
5.009375e-06	0.0014206
5.0103749999999994e-06	0.0014206
5.011375e-06	0.00145075
5.012375e-06	0.00141055
5.013375e-06	0.0014206
5.014375e-06	0.00145075
5.015374999999999e-06	0.00145075
5.016375e-06	0.0014608
5.0173749999999995e-06	0.0014608
5.018375e-06	0.00145075
5.019375e-06	0.00145075
5.020374999999999e-06	0.00145075
5.021375e-06	0.00145075
5.0223749999999995e-06	0.00143065
5.023375e-06	0.00143065
5.024375e-06	0.0014407
5.025374999999999e-06	0.0014206
5.026375e-06	0.00143065
5.0273749999999994e-06	0.0014407
5.028375e-06	0.0014407
5.029375e-06	0.00145075
5.030375e-06	0.0014407
5.031375e-06	0.0014407
5.032374999999999e-06	0.0014206
5.033375e-06	0.0014608
5.0343749999999996e-06	0.0014608
5.035375e-06	0.0014608
5.036375e-06	0.00145075
5.037374999999999e-06	0.0014608
5.038375e-06	0.00145075
5.0393749999999995e-06	0.00145075
5.040375e-06	0.00145075
5.041375e-06	0.0014809
5.042374999999999e-06	0.00147085
5.043375e-06	0.0014608
5.0443749999999995e-06	0.0014608
5.045375e-06	0.00145075
5.046375e-06	0.0014608
5.047374999999999e-06	0.0014407
5.048375e-06	0.00143065
5.049374999999999e-06	0.00145075
5.050375e-06	0.0014608
5.0513749999999996e-06	0.00143065
5.052375e-06	0.00145075
5.053375e-06	0.00145075
5.054374999999999e-06	0.00143065
5.055375e-06	0.0014206
5.0563749999999995e-06	0.00143065
5.057375e-06	0.00147085
5.058375e-06	0.0014608
5.059374999999999e-06	0.0014608
5.060375e-06	0.0014407
5.0613749999999995e-06	0.00145075
5.062375e-06	0.0014608
5.063375e-06	0.00141055
5.064374999999999e-06	0.00143065
5.065375e-06	0.00143065
5.066374999999999e-06	0.0014608
5.067375e-06	0.00143065
5.0683749999999996e-06	0.00145075
5.069375e-06	0.0014608
5.070375e-06	0.00143065
5.071374999999999e-06	0.00151106
5.072375e-06	0.00149095
5.0733749999999995e-06	0.0014809
5.074375e-06	0.0014809
5.075375e-06	0.00147085
5.076374999999999e-06	0.0014608
5.077375e-06	0.00152111
5.0783749999999995e-06	0.00147085
5.079375e-06	0.0014809
5.080375e-06	0.0014809
5.081374999999999e-06	0.00149095
5.082375e-06	0.00150101
5.083374999999999e-06	0.00147085
5.084375e-06	0.00149095
5.0853749999999996e-06	0.00147085
5.086375e-06	0.0014407
5.087375e-06	0.0014407
5.088374999999999e-06	0.0014407
5.089375e-06	0.00145075
5.0903749999999995e-06	0.0014407
5.091375e-06	0.00147085
5.092375e-06	0.00143065
5.093374999999999e-06	0.00147085
5.094375e-06	0.0014608
5.0953749999999995e-06	0.0014608
5.096375e-06	0.0014809
5.097375e-06	0.00150101
5.098374999999999e-06	0.0014809
5.099375e-06	0.00149095
5.1003749999999994e-06	0.00150101
5.101375e-06	0.00150101
5.102375e-06	0.00147085
5.103375e-06	0.00149095
5.104375e-06	0.00149095
5.105374999999999e-06	0.0014608
5.106375e-06	0.0014608
5.1073749999999995e-06	0.0014809
5.108375e-06	0.0014608
5.109375e-06	0.0014407
5.110374999999999e-06	0.00147085
5.111375e-06	0.00143065
5.1123749999999995e-06	0.0014206
5.113375e-06	0.0014407
5.114375e-06	0.0014608
5.115374999999999e-06	0.0014608
5.116375e-06	0.0014608
5.1173749999999994e-06	0.00143065
5.118375e-06	0.00141055
5.119375e-06	0.00141055
5.120375e-06	0.00141055
5.121375e-06	0.00143065
5.122374999999999e-06	0.0014608
5.123375e-06	0.00145075
5.1243749999999995e-06	0.00143065
5.125375e-06	0.0014407
5.126375e-06	0.0014005
5.127374999999999e-06	0.00137035
5.128375e-06	0.00139045
5.1293749999999995e-06	0.0013804
5.130375e-06	0.0014005
5.131375e-06	0.0014407
5.132374999999999e-06	0.0014407
5.133375e-06	0.00143065
5.1343749999999994e-06	0.00143065
5.135375e-06	0.0014206
5.136375e-06	0.00143065
5.137374999999999e-06	0.0014407
5.138375e-06	0.00149095
5.139374999999999e-06	0.0014608
5.140375e-06	0.0014608
5.1413749999999995e-06	0.00143065
5.142375e-06	0.00145075
5.143375e-06	0.00145075
5.144374999999999e-06	0.00143065
5.145375e-06	0.0014206
5.1463749999999995e-06	0.00143065
5.147375e-06	0.0014206
5.148375e-06	0.0014206
5.149374999999999e-06	0.00141055
5.150375e-06	0.0014206
5.1513749999999994e-06	0.00141055
5.152375e-06	0.00145075
5.153375e-06	0.00145075
5.154374999999999e-06	0.0014809
5.155375e-06	0.00150101
5.156374999999999e-06	0.00150101
5.157375e-06	0.00147085
5.1583749999999995e-06	0.00147085
5.159375e-06	0.00147085
5.160375e-06	0.00147085
5.161374999999999e-06	0.0014809
5.162375e-06	0.00149095
5.1633749999999995e-06	0.0014809
5.164375e-06	0.00145075
5.165375e-06	0.0014608
5.166374999999999e-06	0.0014407
5.167375e-06	0.0014608
5.1683749999999995e-06	0.00147085
5.169375e-06	0.0014608
5.170375e-06	0.00145075
5.171374999999999e-06	0.00145075
5.172375e-06	0.0014407
5.173374999999999e-06	0.0014608
5.174375e-06	0.0014608
5.1753749999999996e-06	0.0014407
5.176375e-06	0.00143065
5.177375e-06	0.0014608
5.178374999999999e-06	0.0014407
5.179375e-06	0.0014608
5.1803749999999995e-06	0.0014206
5.181375e-06	0.0014407
5.182375e-06	0.0014407
5.183374999999999e-06	0.00147085
5.184375e-06	0.0014608
5.1853749999999995e-06	0.0014206
5.186375e-06	0.00147085
5.187375e-06	0.00141055
5.188374999999999e-06	0.0014407
5.189375e-06	0.00143065
5.190374999999999e-06	0.0014407
5.191375e-06	0.0014608
5.1923749999999996e-06	0.0014407
5.193375e-06	0.00145075
5.194375e-06	0.0014809
5.195374999999999e-06	0.0014809
5.196375e-06	0.0014407
5.1973749999999995e-06	0.00147085
5.198375e-06	0.00145075
5.199375e-06	0.0014608
5.200374999999999e-06	0.0014407
5.201375e-06	0.00147085
5.2023749999999995e-06	0.0014206
5.203375e-06	0.0014005
5.204375e-06	0.0014005
5.205374999999999e-06	0.0014206
5.206375e-06	0.0013804
5.207374999999999e-06	0.0014206
5.208375e-06	0.0014005
5.2093749999999996e-06	0.00145075
5.210375e-06	0.00141055
5.211375e-06	0.00141055
5.212374999999999e-06	0.00139045
5.213375e-06	0.00145075
5.2143749999999995e-06	0.0014407
5.215375e-06	0.0014407
5.216375e-06	0.00143065
5.217374999999999e-06	0.00147085
5.218375e-06	0.0014809
5.2193749999999995e-06	0.0014809
5.220375e-06	0.0014608
5.221375e-06	0.00143065
5.222374999999999e-06	0.0014809
5.223375e-06	0.0014608
5.2243749999999994e-06	0.00143065
5.225375e-06	0.00141055
5.2263749999999996e-06	0.00141055
5.227375e-06	0.00143065
5.228375e-06	0.00141055
5.229374999999999e-06	0.00143065
5.230375e-06	0.00143065
5.2313749999999995e-06	0.0014608
5.232375e-06	0.0014407
5.233375e-06	0.00145075
5.234374999999999e-06	0.00145075
5.235375e-06	0.0014608
5.2363749999999995e-06	0.0014407
5.237375e-06	0.00147085
5.238375e-06	0.00145075
5.239374999999999e-06	0.0014206
5.240375e-06	0.00147085
5.2413749999999994e-06	0.0014206
5.242375e-06	0.00145075
5.243375e-06	0.00143065
5.244375e-06	0.0014206
5.245375e-06	0.0014407
5.246374999999999e-06	0.0014206
5.247375e-06	0.00143065
5.2483749999999995e-06	0.0014608
5.249375e-06	0.00145075
5.250375e-06	0.00143065
5.251374999999999e-06	0.00143065
5.252375e-06	0.0014407
5.2533749999999995e-06	0.00145075
5.254375e-06	0.00143065
5.255375e-06	0.0014608
5.256374999999999e-06	0.0014608
5.257375e-06	0.0014608
5.2583749999999994e-06	0.0014608
5.259375e-06	0.0014608
5.260375e-06	0.00145075
5.261375e-06	0.0014206
5.262375e-06	0.0014407
5.263374999999999e-06	0.0014608
5.264375e-06	0.0014809
5.2653749999999995e-06	0.0014608
5.266375e-06	0.00139045
5.267375e-06	0.0014206
5.268374999999999e-06	0.0014206
5.269375e-06	0.0014407
5.2703749999999995e-06	0.0014608
5.271375e-06	0.0014407
5.272375e-06	0.00145075
5.273374999999999e-06	0.0014608
5.274375e-06	0.00147085
5.2753749999999994e-06	0.0014608
5.276375e-06	0.0014407
5.277375e-06	0.00149095
5.278375e-06	0.0014809
5.279375e-06	0.00145075
5.280374999999999e-06	0.0014608
5.281375e-06	0.00145075
5.2823749999999995e-06	0.00145075
5.283375e-06	0.00147085
5.284375e-06	0.00145075
5.285374999999999e-06	0.00145075
5.286375e-06	0.00143065
5.2873749999999995e-06	0.00139045
5.288375e-06	0.0014005
5.289375e-06	0.00139045
5.290374999999999e-06	0.00143065
5.291375e-06	0.00143065
5.2923749999999995e-06	0.0014608
5.293375e-06	0.00145075
5.294375e-06	0.00143065
5.295375e-06	0.0014809
5.296375e-06	0.00149095
5.297374999999999e-06	0.00147085
5.298375e-06	0.00149095
5.2993749999999996e-06	0.0014809
5.300375e-06	0.0014809
5.301375e-06	0.00150101
5.302374999999999e-06	0.00145075
5.303375e-06	0.0014809
5.3043749999999995e-06	0.00145075
5.305375e-06	0.00145075
5.306375e-06	0.00143065
5.307374999999999e-06	0.0014608
5.308375e-06	0.00143065
5.3093749999999995e-06	0.0014206
5.310375e-06	0.00143065
5.311375e-06	0.0014206
5.312375e-06	0.00143065
5.313375e-06	0.0014407
5.314374999999999e-06	0.00145075
5.315375e-06	0.00149095
5.3163749999999996e-06	0.00149095
5.317375e-06	0.00147085
5.318375e-06	0.00145075
5.319374999999999e-06	0.00143065
5.320375e-06	0.0014407
5.3213749999999995e-06	0.0014407
5.322375e-06	0.00143065
5.323375e-06	0.0014407
5.324374999999999e-06	0.00145075
5.325375e-06	0.00141055
5.3263749999999995e-06	0.0014005
5.327375e-06	0.00141055
5.328375e-06	0.00143065
5.329375e-06	0.0014407
5.330375e-06	0.0014608
5.331374999999999e-06	0.0014608
5.332375e-06	0.0014407
5.3333749999999996e-06	0.00145075
5.334375e-06	0.00141055
5.335375e-06	0.00147085
5.336374999999999e-06	0.00143065
5.337375e-06	0.00147085
5.3383749999999995e-06	0.00143065
5.339375e-06	0.0014608
5.340375e-06	0.00145075
5.341374999999999e-06	0.0014608
5.342375e-06	0.00145075
5.3433749999999995e-06	0.00143065
5.344375e-06	0.00143065
5.345375e-06	0.00141055
5.346375e-06	0.00141055
5.347375e-06	0.00141055
5.3483749999999994e-06	0.0014206
5.349375e-06	0.00143065
5.3503749999999996e-06	0.0014206
5.351375e-06	0.0014407
5.352375e-06	0.0014608
5.353374999999999e-06	0.0014407
5.354375e-06	0.0014809
5.3553749999999995e-06	0.0014608
5.356375e-06	0.00149095
5.357375e-06	0.0014407
5.358374999999999e-06	0.00143065
5.359375e-06	0.00147085
5.3603749999999995e-06	0.00143065
5.361375e-06	0.00145075
5.362375e-06	0.00143065
5.363375e-06	0.00143065
5.364375e-06	0.0014206
5.3653749999999994e-06	0.0014407
5.366375e-06	0.0014005
5.367375e-06	0.00143065
5.368375e-06	0.00141055
5.369375e-06	0.0014206
5.370374999999999e-06	0.0014206
5.371375e-06	0.0014608
5.3723749999999995e-06	0.0014407
5.373375e-06	0.0014809
5.374375e-06	0.00147085
5.375374999999999e-06	0.0014407
5.376375e-06	0.00143065
5.3773749999999995e-06	0.00145075
5.378375e-06	0.00149095
5.379375e-06	0.0014809
5.380375e-06	0.0014608
5.381375e-06	0.0014608
5.3823749999999994e-06	0.0014809
5.383375e-06	0.0014608
5.384375e-06	0.0014608
5.385374999999999e-06	0.0014407
5.386375e-06	0.00145075
5.387374999999999e-06	0.00143065
5.388375e-06	0.0014005
5.3893749999999995e-06	0.00143065
5.390375e-06	0.0014407
5.391375e-06	0.00145075
5.392374999999999e-06	0.0014407
5.393375e-06	0.00147085
5.3943749999999995e-06	0.0014608
5.395375e-06	0.00147085
5.396375e-06	0.0014206
5.397374999999999e-06	0.0014608
5.398375e-06	0.00145075
5.3993749999999994e-06	0.00147085
5.400375e-06	0.0014407
5.401375e-06	0.0014608
5.402374999999999e-06	0.00143065
5.403375e-06	0.0014608
5.404374999999999e-06	0.00141055
5.405375e-06	0.00141055
5.4063749999999995e-06	0.00141055
5.407375e-06	0.00141055
5.408375e-06	0.0014206
5.409374999999999e-06	0.0014407
5.410375e-06	0.0014608
5.4113749999999995e-06	0.0014608
5.412375e-06	0.0014608
5.413375e-06	0.0014608
5.414375e-06	0.0014809
5.415375e-06	0.00149095
5.4163749999999995e-06	0.0014809
5.417375e-06	0.00150101
5.418375e-06	0.00145075
5.419374999999999e-06	0.0014407
5.420375e-06	0.0014407
5.421374999999999e-06	0.00147085
5.422375e-06	0.0014608
5.4233749999999996e-06	0.00145075
5.424375e-06	0.0014407
5.425375e-06	0.00143065
5.426374999999999e-06	0.00143065
5.427375e-06	0.00147085
5.4283749999999995e-06	0.00145075
5.429375e-06	0.00143065
5.430375e-06	0.0014407
5.431375e-06	0.00147085
5.432375e-06	0.0014608
5.4333749999999995e-06	0.00145075
5.434375e-06	0.00147085
5.435375e-06	0.00147085
5.436374999999999e-06	0.0014407
5.437375e-06	0.00147085
5.438374999999999e-06	0.00149095
5.439375e-06	0.00145075
5.4403749999999996e-06	0.0014809
5.441375e-06	0.00147085
5.442375e-06	0.0014407
5.443374999999999e-06	0.00145075
5.444375e-06	0.00147085
5.4453749999999995e-06	0.00145075
5.446375e-06	0.0014608
5.447375e-06	0.00141055
5.448375e-06	0.0014407
5.449375e-06	0.0014608
5.4503749999999995e-06	0.00145075
5.451375e-06	0.00145075
5.452375e-06	0.00149095
5.453374999999999e-06	0.00149095
5.454375e-06	0.00147085
5.455374999999999e-06	0.00147085
5.456375e-06	0.00145075
5.4573749999999996e-06	0.00149095
5.458375e-06	0.00147085
5.459375e-06	0.00147085
5.460374999999999e-06	0.00145075
5.461375e-06	0.0014608
5.4623749999999995e-06	0.0014608
5.463375e-06	0.00145075
5.464375e-06	0.0014407
5.465375e-06	0.00141055
5.466375e-06	0.0014206
5.4673749999999995e-06	0.0014206
5.468375e-06	0.00145075
5.469375e-06	0.00145075
5.470374999999999e-06	0.00145075
5.471375e-06	0.0014407
5.472374999999999e-06	0.0014206
5.473375e-06	0.0014608
5.4743749999999996e-06	0.0014608
5.475375e-06	0.00147085
5.476375e-06	0.00147085
5.477374999999999e-06	0.00145075
5.478375e-06	0.00145075
5.4793749999999995e-06	0.0014407
5.480375e-06	0.00145075
5.481375e-06	0.0014206
5.482374999999999e-06	0.0014407
5.483375e-06	0.00143065
5.4843749999999995e-06	0.0014206
5.485375e-06	0.0014206
5.486375e-06	0.0014206
5.487374999999999e-06	0.0014407
5.488375e-06	0.00143065
5.4893749999999994e-06	0.0014407
5.490375e-06	0.0014407
5.491375e-06	0.00145075
5.492375e-06	0.0014407
5.493375e-06	0.0014407
5.494374999999999e-06	0.00145075
5.495375e-06	0.0014407
5.4963749999999995e-06	0.00143065
5.497375e-06	0.0014608
5.498375e-06	0.0014608
5.499374999999999e-06	0.0014809
5.500375e-06	0.00147085
5.5013749999999995e-06	0.00145075
5.502375e-06	0.00145075
5.503375e-06	0.00145075
5.504374999999999e-06	0.0014407
5.505375e-06	0.00143065
5.5063749999999994e-06	0.00143065
5.507375e-06	0.0014206
5.508375e-06	0.00143065
5.509375e-06	0.0014206
5.510375e-06	0.00143065
5.511374999999999e-06	0.00141055
5.512375e-06	0.0014608
5.5133749999999995e-06	0.00145075
5.514375e-06	0.00147085
5.515375e-06	0.00149095
5.516374999999999e-06	0.0014608
5.517375e-06	0.00147085
5.5183749999999995e-06	0.00145075
5.519375e-06	0.00149095
5.520375e-06	0.00145075
5.521374999999999e-06	0.00147085
5.522375e-06	0.0014407
5.5233749999999994e-06	0.0014608
5.524375e-06	0.0014407
5.525375e-06	0.0014407
5.526375e-06	0.0014608
5.527375e-06	0.0014206
5.528374999999999e-06	0.0014407
5.529375e-06	0.0014407
5.5303749999999995e-06	0.00143065
5.531375e-06	0.0014407
5.532375e-06	0.0014206
5.533374999999999e-06	0.00139045
5.534375e-06	0.00141055
5.5353749999999995e-06	0.00141055
5.536375e-06	0.0014005
5.537375e-06	0.00141055
5.538374999999999e-06	0.00145075
5.539375e-06	0.0014206
5.5403749999999994e-06	0.0014407
5.541375e-06	0.0014206
5.542375e-06	0.00139045
5.543375e-06	0.00139045
5.544375e-06	0.0014206
5.545374999999999e-06	0.00143065
5.546375e-06	0.00143065
5.5473749999999996e-06	0.0014407
5.548375e-06	0.00147085
5.549375e-06	0.0014608
5.550374999999999e-06	0.0014407
5.551375e-06	0.0014407
5.5523749999999995e-06	0.0014608
5.553375e-06	0.0014407
5.554375e-06	0.00145075
5.555374999999999e-06	0.0014608
5.556375e-06	0.0014608
5.5573749999999995e-06	0.00145075
5.558375e-06	0.00147085
5.559375e-06	0.0014407
5.560375e-06	0.0014206
5.561375e-06	0.0014407
5.562374999999999e-06	0.00145075
5.563375e-06	0.00143065
5.5643749999999996e-06	0.0014407
5.565375e-06	0.00143065
5.566375e-06	0.0014005
5.567374999999999e-06	0.0014005
5.568375e-06	0.0014005
5.5693749999999995e-06	0.00143065
5.570375e-06	0.0014608
5.571375e-06	0.0014608
5.572374999999999e-06	0.0014407
5.573375e-06	0.0014407
5.5743749999999995e-06	0.0014206
5.575375e-06	0.00147085
5.576375e-06	0.0014407
5.577375e-06	0.0014608
5.578375e-06	0.00143065
5.579374999999999e-06	0.00145075
5.580375e-06	0.00145075
5.5813749999999996e-06	0.0014608
5.582375e-06	0.00147085
5.583375e-06	0.00145075
5.584374999999999e-06	0.0014407
5.585375e-06	0.00143065
5.5863749999999995e-06	0.00147085
5.587375e-06	0.0014407
5.588375e-06	0.00143065
5.589374999999999e-06	0.0014407
5.590375e-06	0.0014206
5.5913749999999995e-06	0.0014407
5.592375e-06	0.00145075
5.593375e-06	0.00145075
5.594375e-06	0.0014608
5.595375e-06	0.00145075
5.596374999999999e-06	0.0014809
5.597375e-06	0.00147085
5.5983749999999996e-06	0.00147085
5.599375e-06	0.00147085
5.600375e-06	0.0014407
5.601374999999999e-06	0.00143065
5.602375e-06	0.00143065
5.6033749999999995e-06	0.00141055
5.604375e-06	0.00139045
5.605375e-06	0.00141055
5.606374999999999e-06	0.0013804
5.607375e-06	0.00139045
5.6083749999999995e-06	0.00139045
5.609375e-06	0.00141055
5.610375e-06	0.0014206
5.611375e-06	0.0014206
5.612375e-06	0.00141055
5.6133749999999994e-06	0.00145075
5.614375e-06	0.00143065
5.615375e-06	0.00147085
5.616374999999999e-06	0.00145075
5.617375e-06	0.00145075
5.618374999999999e-06	0.0014407
5.619375e-06	0.00143065
5.6203749999999995e-06	0.0014206
5.621375e-06	0.0014407
5.622375e-06	0.0014608
5.623374999999999e-06	0.0014407
5.624375e-06	0.00143065
5.6253749999999995e-06	0.00141055
5.626375e-06	0.0014206
5.627375e-06	0.0014005
5.628375e-06	0.0014206
5.629375e-06	0.00141055
5.6303749999999994e-06	0.00143065
5.631375e-06	0.0014407
5.632375e-06	0.0014206
5.633374999999999e-06	0.00141055
5.634375e-06	0.0014608
5.635374999999999e-06	0.0014608
5.636375e-06	0.0014608
5.6373749999999995e-06	0.0014608
5.638375e-06	0.00150101
5.639375e-06	0.00149095
5.640374999999999e-06	0.0014407
5.641375e-06	0.0014608
5.6423749999999995e-06	0.00145075
5.643375e-06	0.00143065
5.644375e-06	0.0014608
5.645375e-06	0.00143065
5.646375e-06	0.0014809
5.6473749999999994e-06	0.00145075
5.648375e-06	0.00145075
5.649375e-06	0.0014407
5.650374999999999e-06	0.0014608
5.651375e-06	0.00145075
5.652374999999999e-06	0.00147085
5.653375e-06	0.00150101
5.6543749999999995e-06	0.0014608
5.655375e-06	0.00149095
5.656375e-06	0.0014809
5.657374999999999e-06	0.0014809
5.658375e-06	0.0014608
5.6593749999999995e-06	0.00150101
5.660375e-06	0.0014608
5.661375e-06	0.0014809
5.662375e-06	0.00147085
5.663375e-06	0.0014206
5.6643749999999994e-06	0.0014407
5.665375e-06	0.00145075
5.666375e-06	0.0014407
5.667374999999999e-06	0.0014206
5.668375e-06	0.00143065
5.669374999999999e-06	0.0014407
5.670375e-06	0.00141055
5.6713749999999996e-06	0.00143065
5.672375e-06	0.0014608
5.673375e-06	0.0014608
5.674374999999999e-06	0.0014608
5.675375e-06	0.0014809
5.6763749999999995e-06	0.00147085
5.677375e-06	0.00147085
5.678375e-06	0.00147085
5.679375e-06	0.0014206
5.680375e-06	0.0014608
5.6813749999999995e-06	0.00150101
5.682375e-06	0.00149095
5.683375e-06	0.00149095
5.684374999999999e-06	0.00145075
5.685375e-06	0.00143065
5.686374999999999e-06	0.0014608
5.687375e-06	0.0014608
5.6883749999999996e-06	0.00141055
5.689375e-06	0.0014407
5.690375e-06	0.00147085
5.691374999999999e-06	0.00145075
5.692375e-06	0.0014407
5.6933749999999995e-06	0.00145075
5.694375e-06	0.00145075
5.695375e-06	0.00147085
5.696375e-06	0.00149095
5.697375e-06	0.00147085
5.6983749999999995e-06	0.00150101
5.699375e-06	0.00150101
5.700375e-06	0.00150101
5.701374999999999e-06	0.00147085
5.702375e-06	0.00147085
5.703374999999999e-06	0.00145075
5.704375e-06	0.0014407
5.7053749999999996e-06	0.0014206
5.706375e-06	0.00143065
5.707375e-06	0.00143065
5.708374999999999e-06	0.00139045
5.709375e-06	0.00143065
5.7103749999999995e-06	0.0014206
5.711375e-06	0.00143065
5.712375e-06	0.0014206
5.713375e-06	0.00143065
5.714375e-06	0.0014407
5.7153749999999995e-06	0.00143065
5.716375e-06	0.0014206
5.717375e-06	0.00145075
5.718374999999999e-06	0.0014407
5.719375e-06	0.00141055
5.720374999999999e-06	0.00143065
5.721375e-06	0.00143065
5.7223749999999996e-06	0.00143065
5.723375e-06	0.00145075
5.724375e-06	0.0014206
5.725374999999999e-06	0.0014206
5.726375e-06	0.00143065
5.7273749999999995e-06	0.0014206
5.728375e-06	0.0014005
5.729375e-06	0.00143065
5.730375e-06	0.00145075
5.731375e-06	0.00143065
5.7323749999999995e-06	0.0014407
5.733375e-06	0.0014206
5.734375e-06	0.0014407
5.735374999999999e-06	0.00145075
5.736375e-06	0.00145075
5.7373749999999994e-06	0.00147085
5.738375e-06	0.0014407
5.739375e-06	0.0014809
5.740375e-06	0.0014407
5.741375e-06	0.0014005
5.742374999999999e-06	0.0014407
5.743375e-06	0.00145075
5.7443749999999995e-06	0.00145075
5.745375e-06	0.0014407
5.746375e-06	0.0014407
5.747375e-06	0.00143065
5.748375e-06	0.0014206
5.7493749999999995e-06	0.00143065
5.750375e-06	0.0014206
5.751375e-06	0.00145075
5.752374999999999e-06	0.00145075
5.753375e-06	0.0014809
5.7543749999999994e-06	0.00147085
5.755375e-06	0.0014608
5.756375e-06	0.0014608
5.757375e-06	0.0014809
5.758375e-06	0.00147085
5.759374999999999e-06	0.00147085
5.760375e-06	0.0014809
5.7613749999999995e-06	0.00145075
5.762375e-06	0.00145075
5.763375e-06	0.0014809
5.764375e-06	0.0014809
5.765375e-06	0.0014608
5.7663749999999995e-06	0.0014809
5.767375e-06	0.0014809
5.768375e-06	0.00147085
5.769374999999999e-06	0.0014809
5.770375e-06	0.00147085
5.7713749999999994e-06	0.0014608
5.772375e-06	0.0014608
5.773375e-06	0.0014608
5.774375e-06	0.00147085
5.775375e-06	0.00147085
5.776374999999999e-06	0.00147085
5.777375e-06	0.0014407
5.7783749999999995e-06	0.00145075
5.779375e-06	0.0014407
5.780375e-06	0.00143065
5.781374999999999e-06	0.00143065
5.782375e-06	0.0014206
5.7833749999999995e-06	0.0014005
5.784375e-06	0.0014206
5.785375e-06	0.00141055
5.786374999999999e-06	0.00141055
5.787375e-06	0.0014206
5.7883749999999994e-06	0.0014005
5.789375e-06	0.0014005
5.790375e-06	0.00139045
5.791375e-06	0.0014407
5.792375e-06	0.00143065
5.793374999999999e-06	0.00145075
5.794375e-06	0.00147085
5.7953749999999995e-06	0.00145075
5.796375e-06	0.00145075
5.797375e-06	0.00145075
5.798374999999999e-06	0.00145075
5.799375e-06	0.0014407
5.8003749999999995e-06	0.00143065
5.801375e-06	0.00145075
5.802375e-06	0.0014407
5.803374999999999e-06	0.0014206
5.804375e-06	0.0014206
5.8053749999999995e-06	0.00139045
5.806375e-06	0.00141055
5.807375e-06	0.00141055
5.808375e-06	0.0014608
5.809375e-06	0.0014206
5.810374999999999e-06	0.0014206
5.811375e-06	0.00141055
5.8123749999999996e-06	0.0014206
5.813375e-06	0.00147085
5.814375e-06	0.00147085
5.815374999999999e-06	0.0014809
5.816375e-06	0.00150101
5.8173749999999995e-06	0.00149095
5.818375e-06	0.00147085
5.819375e-06	0.00147085
5.820374999999999e-06	0.00147085
5.821375e-06	0.0014608
5.8223749999999995e-06	0.0014407
5.823375e-06	0.0014809
5.824375e-06	0.00145075
5.825375e-06	0.00147085
5.826375e-06	0.00143065
5.827374999999999e-06	0.00141055
5.828375e-06	0.0014206
5.8293749999999996e-06	0.0014206
5.830375e-06	0.00143065
5.831375e-06	0.00145075
5.832374999999999e-06	0.0014809
5.833375e-06	0.00147085
5.8343749999999995e-06	0.00147085
5.835375e-06	0.0014809
5.836375e-06	0.0014608
5.837374999999999e-06	0.0014809
5.838375e-06	0.0014608
5.8393749999999995e-06	0.00147085
5.840375e-06	0.0014608
5.841375e-06	0.0014608
5.842375e-06	0.00145075
5.843375e-06	0.00145075
5.844374999999999e-06	0.00141055
5.845375e-06	0.0014407
5.8463749999999996e-06	0.0014206
5.847375e-06	0.00145075
5.848375e-06	0.0014005
5.849374999999999e-06	0.00141055
5.850375e-06	0.00137035
5.8513749999999995e-06	0.0014005
5.852375e-06	0.00139045
5.853375e-06	0.0014206
5.854374999999999e-06	0.0014206
5.855375e-06	0.0014407
5.8563749999999995e-06	0.0014206
5.857375e-06	0.00145075
5.858375e-06	0.0014608
5.859375e-06	0.00145075
5.860375e-06	0.00147085
5.8613749999999994e-06	0.0014407
5.862375e-06	0.0014608
5.8633749999999996e-06	0.0014608
5.864375e-06	0.00143065
5.865375e-06	0.0014206
5.866374999999999e-06	0.00141055
5.867375e-06	0.0014407
5.8683749999999995e-06	0.0014005
5.869375e-06	0.00139045
5.870375e-06	0.00137035
5.871374999999999e-06	0.0014206
5.872375e-06	0.0014206
5.8733749999999995e-06	0.00147085
5.874375e-06	0.00147085
5.875375e-06	0.00145075
5.876375e-06	0.00143065
5.877375e-06	0.0014407
5.8783749999999994e-06	0.00145075
5.879375e-06	0.00145075
5.880375e-06	0.0014608
5.881375e-06	0.00145075
5.882375e-06	0.00143065
5.883374999999999e-06	0.0014206
5.884375e-06	0.0014206
5.8853749999999995e-06	0.00141055
5.886375e-06	0.0014407
5.887375e-06	0.0014809
5.888374999999999e-06	0.00141055
5.889375e-06	0.0014206
5.8903749999999995e-06	0.00141055
5.891375e-06	0.00143065
5.892375e-06	0.00145075
5.893375e-06	0.0014608
5.894375e-06	0.0014809
5.8953749999999994e-06	0.0014809
5.896375e-06	0.00147085
5.897375e-06	0.00149095
5.898374999999999e-06	0.00150101
5.899375e-06	0.00150101
5.900375e-06	0.00149095
5.901375e-06	0.00145075
5.9023749999999995e-06	0.00143065
5.903375e-06	0.00145075
5.904375e-06	0.00141055
5.905374999999999e-06	0.0014608
5.906375e-06	0.0014608
5.9073749999999995e-06	0.00143065
5.908375e-06	0.0014608
5.909375e-06	0.00145075
5.910375e-06	0.0014206
5.911375e-06	0.00145075
5.9123749999999994e-06	0.0014206
5.913375e-06	0.00143065
5.914375e-06	0.0014206
5.915374999999999e-06	0.0014407
5.916375e-06	0.0014206
5.917375e-06	0.0014407
5.918375e-06	0.0014206
5.9193749999999995e-06	0.00141055
5.920375e-06	0.0014005
5.921375e-06	0.0014206
5.922374999999999e-06	0.0014407
5.923375e-06	0.0014005
5.9243749999999995e-06	0.00143065
5.925375e-06	0.0014005
5.926375e-06	0.00141055
5.927375e-06	0.00141055
5.928375e-06	0.0013804
5.9293749999999995e-06	0.0014206
5.930375e-06	0.00143065
5.931375e-06	0.0014206
5.932374999999999e-06	0.0014206
5.933375e-06	0.0014206
5.934375e-06	0.00145075
5.935375e-06	0.0014407
5.9363749999999996e-06	0.00143065
5.937375e-06	0.0014407
5.938375e-06	0.00143065
5.939374999999999e-06	0.0014407
5.940375e-06	0.0014407
5.9413749999999995e-06	0.0014407
5.942375e-06	0.0014206
5.943375e-06	0.00143065
5.944375e-06	0.0014005
5.945375e-06	0.00143065
5.9463749999999995e-06	0.00143065
5.947375e-06	0.0014407
5.948375e-06	0.0014005
5.949374999999999e-06	0.00141055
5.950375e-06	0.00145075
5.951374999999999e-06	0.0014608
5.952375e-06	0.00145075
5.9533749999999996e-06	0.00147085
5.954375e-06	0.00145075
5.955375e-06	0.00143065
5.956374999999999e-06	0.00145075
5.957375e-06	0.0014206
5.9583749999999995e-06	0.0014608
5.959375e-06	0.0014407
5.960375e-06	0.0014407
5.961375e-06	0.00145075
5.962375e-06	0.00143065
5.9633749999999995e-06	0.00141055
5.964375e-06	0.0014407
5.965375e-06	0.0014005
5.966374999999999e-06	0.00141055
5.967375e-06	0.0014206
5.968374999999999e-06	0.0014005
5.969375e-06	0.0014206
5.9703749999999996e-06	0.00139045
5.971375e-06	0.0014206
5.972375e-06	0.0014206
5.973374999999999e-06	0.00143065
5.974375e-06	0.0014206
5.9753749999999995e-06	0.0014608
5.976375e-06	0.00143065
5.977375e-06	0.00147085
5.978375e-06	0.0014608
5.979375e-06	0.0014407
5.9803749999999995e-06	0.00145075
5.981375e-06	0.00143065
5.982375e-06	0.0014407
5.983374999999999e-06	0.0014608
5.984375e-06	0.00145075
5.9853749999999994e-06	0.0014608
5.986375e-06	0.0014407
5.9873749999999996e-06	0.00145075
5.988375e-06	0.00143065
5.989375e-06	0.0014608
5.990374999999999e-06	0.0014608
5.991375e-06	0.0014608
5.9923749999999995e-06	0.0014608
5.993375e-06	0.00147085
5.994375e-06	0.00147085
5.995375e-06	0.00150101
5.996375e-06	0.0014608
5.9973749999999995e-06	0.00147085
5.998375e-06	0.00145075
5.999375e-06	0.00147085
6.000374999999999e-06	0.0014608
6.001375e-06	0.0014608
6.0023749999999994e-06	0.00147085
6.003375e-06	0.00143065
6.004375e-06	0.0014407
6.005375e-06	0.00143065
6.006375e-06	0.00143065
6.007374999999999e-06	0.00145075
6.008375e-06	0.00145075
6.0093749999999995e-06	0.0014608
6.010375e-06	0.0014407
6.011375e-06	0.00143065
6.012375e-06	0.00143065
6.013375e-06	0.0014608
6.0143749999999995e-06	0.0014407
6.015375e-06	0.00150101
6.016375e-06	0.00145075
6.017374999999999e-06	0.0014608
6.018375e-06	0.00147085
6.0193749999999994e-06	0.0014407
6.020375e-06	0.00145075
6.021375e-06	0.00147085
6.022375e-06	0.00147085
6.023375e-06	0.0014608
6.024374999999999e-06	0.00145075
6.025375e-06	0.00141055
6.0263749999999995e-06	0.0014206
6.027375e-06	0.00143065
6.028375e-06	0.0014206
6.029375e-06	0.00145075
6.030375e-06	0.0014608
6.0313749999999995e-06	0.0014407
6.032375e-06	0.0014407
6.033375e-06	0.0014206
6.034374999999999e-06	0.0014407
6.035375e-06	0.00147085
6.0363749999999994e-06	0.00147085
6.037375e-06	0.0014809
6.038375e-06	0.0014407
6.039375e-06	0.00147085
6.040375e-06	0.0014407
6.041374999999999e-06	0.00145075
6.042375e-06	0.0014608
6.0433749999999995e-06	0.00145075
6.044375e-06	0.0014407
6.045375e-06	0.0014608
6.046375e-06	0.0014407
6.047375e-06	0.00143065
6.0483749999999995e-06	0.0014005
6.049375e-06	0.00143065
6.050375e-06	0.00145075
6.051374999999999e-06	0.0014608
6.052375e-06	0.0014608
6.0533749999999995e-06	0.0014608
6.054375e-06	0.00147085
6.055375e-06	0.00150101
6.056375e-06	0.00147085
6.057375e-06	0.00147085
6.058374999999999e-06	0.00147085
6.059375e-06	0.0014608
6.0603749999999996e-06	0.00147085
6.061374999999999e-06	0.0014608
6.062375e-06	0.0014608
6.063375e-06	0.00145075
6.064375e-06	0.00145075
6.0653749999999995e-06	0.00143065
6.066375e-06	0.00143065
6.067375e-06	0.00145075
6.068374999999999e-06	0.00143065
6.069375e-06	0.0014407
6.0703749999999995e-06	0.0014407
6.071375e-06	0.00141055
6.072375e-06	0.0014005
6.073375e-06	0.00143065
6.074375e-06	0.0014608
6.075374999999999e-06	0.00145075
6.076375e-06	0.00147085
6.0773749999999996e-06	0.00150101
6.078374999999999e-06	0.00151106
6.079375e-06	0.00147085
6.080375e-06	0.0014608
6.081375e-06	0.00150101
6.0823749999999995e-06	0.0014809
6.083375e-06	0.00149095
6.084375e-06	0.0014608
6.085374999999999e-06	0.00139045
6.086375e-06	0.00143065
6.0873749999999995e-06	0.00143065
6.088375e-06	0.00143065
6.089375e-06	0.00145075
6.090375e-06	0.0014407
6.091375e-06	0.0014608
6.092374999999999e-06	0.00145075
6.093375e-06	0.0014608
6.0943749999999996e-06	0.0014407
6.095374999999999e-06	0.00145075
6.096375e-06	0.00147085
6.097375e-06	0.0014809
6.098375e-06	0.00147085
6.0993749999999995e-06	0.0014809
6.100375e-06	0.00145075
6.101375e-06	0.00145075
6.102374999999999e-06	0.00145075
6.103375e-06	0.00143065
6.1043749999999995e-06	0.00139045
6.105375e-06	0.00141055
6.106375e-06	0.0014206
6.107375e-06	0.00141055
6.108375e-06	0.00141055
6.109374999999999e-06	0.00139045
6.110375e-06	0.00143065
6.1113749999999996e-06	0.0014608
6.112374999999999e-06	0.00143065
6.113375e-06	0.00143065
6.114375e-06	0.00147085
6.115375e-06	0.00150101
6.1163749999999995e-06	0.0014608
6.117375e-06	0.00147085
6.118375e-06	0.0014608
6.119374999999999e-06	0.00149095
6.120375e-06	0.00147085
6.1213749999999995e-06	0.0014809
6.122375e-06	0.00149095
6.123375e-06	0.0014809
6.124375e-06	0.00143065
6.125375e-06	0.00143065
6.1263749999999994e-06	0.0014206
6.127375e-06	0.00141055
6.128375e-06	0.00143065
6.129374999999999e-06	0.0014407
6.130375e-06	0.0014407
6.131375e-06	0.0014608
6.132375e-06	0.0014407
6.1333749999999995e-06	0.00143065
6.134375e-06	0.00143065
6.135375e-06	0.00145075
6.136374999999999e-06	0.0014206
6.137375e-06	0.00145075
6.1383749999999995e-06	0.0014608
6.139375e-06	0.00145075
6.140375e-06	0.0014407
6.141375e-06	0.0014407
6.142375e-06	0.00145075
6.1433749999999994e-06	0.00145075
6.144375e-06	0.00147085
6.145375e-06	0.0014608
6.146374999999999e-06	0.0014206
6.147375e-06	0.00141055
6.148375e-06	0.00139045
6.149375e-06	0.00143065
6.1503749999999995e-06	0.00141055
6.151375e-06	0.0014608
6.152375e-06	0.0014608
6.153374999999999e-06	0.0014809
6.154375e-06	0.00149095
6.1553749999999995e-06	0.00147085
6.156375e-06	0.0014608
6.157375e-06	0.0014608
6.158375e-06	0.0014809
6.159375e-06	0.00147085
6.1603749999999994e-06	0.00145075
6.161375e-06	0.00145075
6.162375e-06	0.0014206
6.163374999999999e-06	0.00143065
6.164375e-06	0.0014005
6.165375e-06	0.0014407
6.166375e-06	0.0014005
6.1673749999999995e-06	0.0014005
6.168375e-06	0.0014206
6.169375e-06	0.0014206
6.170374999999999e-06	0.00141055
6.171375e-06	0.00145075
6.1723749999999995e-06	0.0014407
6.173375e-06	0.0014608
6.174375e-06	0.0014407
6.175375e-06	0.0014206
6.176375e-06	0.0014407
6.1773749999999994e-06	0.0014407
6.178375e-06	0.0014608
6.179375e-06	0.00143065
6.180374999999999e-06	0.0014608
6.181375e-06	0.00147085
6.182375e-06	0.0014407
6.183375e-06	0.00145075
6.1843749999999996e-06	0.00143065
6.185375e-06	0.0014608
6.186375e-06	0.0014206
6.187374999999999e-06	0.0014407
6.188375e-06	0.0014407
6.1893749999999995e-06	0.0014407
6.190375e-06	0.00143065
6.191375e-06	0.00145075
6.192375e-06	0.0014407
6.193375e-06	0.0014407
6.1943749999999995e-06	0.00143065
6.195375e-06	0.0014407
6.196375e-06	0.0014608
6.197374999999999e-06	0.0014809
6.198375e-06	0.00145075
6.199375e-06	0.0014608
6.200375e-06	0.00145075
6.2013749999999996e-06	0.00145075
6.202375e-06	0.00143065
6.203375e-06	0.0014407
6.204374999999999e-06	0.00145075
6.205375e-06	0.0014206
6.2063749999999995e-06	0.0014407
6.207375e-06	0.00143065
6.208375e-06	0.00145075
6.209375e-06	0.0014407
6.210375e-06	0.0014206
6.2113749999999995e-06	0.0014206
6.212375e-06	0.0014005
6.213375e-06	0.00143065
6.214374999999999e-06	0.00147085
6.215375e-06	0.00147085
6.216375e-06	0.00147085
6.217375e-06	0.0014608
6.2183749999999996e-06	0.0014608
6.219375e-06	0.0014206
6.220375e-06	0.00143065
6.221374999999999e-06	0.0014206
6.222375e-06	0.0014407
6.2233749999999995e-06	0.0014407
6.224375e-06	0.00141055
6.225375e-06	0.00139045
6.226375e-06	0.00141055
6.227375e-06	0.00141055
6.2283749999999995e-06	0.0014407
6.229375e-06	0.0014206
6.230375e-06	0.0014407
6.231374999999999e-06	0.0014005
6.232375e-06	0.00141055
6.233375e-06	0.00143065
6.234375e-06	0.00141055
6.2353749999999996e-06	0.0014608
6.236375e-06	0.00143065
6.237375e-06	0.00141055
6.238374999999999e-06	0.00141055
6.239375e-06	0.00143065
6.2403749999999995e-06	0.0014005
6.241375e-06	0.0014407
6.242375e-06	0.0014206
6.243375e-06	0.00143065
6.244375e-06	0.00143065
6.2453749999999995e-06	0.0014407
6.246375e-06	0.00145075
6.247375e-06	0.0014407
6.248374999999999e-06	0.00143065
6.249375e-06	0.0014407
6.2503749999999994e-06	0.00145075
6.251375e-06	0.0014608
6.252375e-06	0.00147085
6.253375e-06	0.00151106
6.254375e-06	0.00149095
6.255374999999999e-06	0.00151106
6.256375e-06	0.00145075
6.2573749999999995e-06	0.00150101
6.258375e-06	0.0014809
6.259375e-06	0.0014809
6.260375e-06	0.00149095
6.261375e-06	0.0014608
6.2623749999999995e-06	0.00147085
6.263375e-06	0.00147085
6.264375e-06	0.0014608
6.265374999999999e-06	0.0014407
6.266375e-06	0.0014608
6.2673749999999994e-06	0.0014407
6.268375e-06	0.00141055
6.269375e-06	0.00143065
6.270375e-06	0.0014407
6.271375e-06	0.0014407
6.272374999999999e-06	0.0014407
6.273375e-06	0.0014407
6.2743749999999995e-06	0.0014608
6.275375e-06	0.00143065
6.276375e-06	0.0014407
6.277375e-06	0.00147085
6.278375e-06	0.0014608
6.2793749999999995e-06	0.00145075
6.280375e-06	0.00143065
6.281375e-06	0.0014608
6.282374999999999e-06	0.00145075
6.283375e-06	0.0014407
6.2843749999999994e-06	0.00147085
6.285375e-06	0.0014608
6.286375e-06	0.0014608
6.287375e-06	0.0014608
6.288375e-06	0.00145075
6.289374999999999e-06	0.00143065
6.290375e-06	0.00141055
6.2913749999999995e-06	0.0014407
6.292375e-06	0.00147085
6.293375e-06	0.0014809
6.294375e-06	0.0014206
6.295375e-06	0.0014206
6.2963749999999995e-06	0.0014005
6.297375e-06	0.00143065
6.298375e-06	0.00143065
6.299374999999999e-06	0.0014608
6.300375e-06	0.0014206
6.3013749999999994e-06	0.00145075
6.302375e-06	0.00145075
6.303375e-06	0.0014206
6.304375e-06	0.00143065
6.305375e-06	0.00141055
6.306374999999999e-06	0.00141055
6.307375e-06	0.00143065
6.3083749999999996e-06	0.0014005
6.309375e-06	0.00143065
6.310375e-06	0.00145075
6.311375e-06	0.00143065
6.312375e-06	0.0014407
6.3133749999999995e-06	0.0014206
6.314375e-06	0.0014608
6.315375e-06	0.0014608
6.316374999999999e-06	0.0014608
6.317375e-06	0.00145075
6.3183749999999995e-06	0.00145075
6.319375e-06	0.0014407
6.320375e-06	0.0014407
6.321375e-06	0.00147085
6.322375e-06	0.00145075
6.323374999999999e-06	0.0014407
6.324375e-06	0.00147085
6.3253749999999996e-06	0.0014407
6.326375e-06	0.00141055
6.327375e-06	0.0014206
6.328375e-06	0.00141055
6.329375e-06	0.00143065
6.3303749999999995e-06	0.00143065
6.331375e-06	0.00145075
6.332375e-06	0.0014005
6.333374999999999e-06	0.00143065
6.334375e-06	0.00143065
6.3353749999999995e-06	0.0014407
6.336375e-06	0.00145075
6.337375e-06	0.0014809
6.338375e-06	0.0014608
6.339375e-06	0.0014809
6.340374999999999e-06	0.0014407
6.341375e-06	0.00143065
6.3423749999999996e-06	0.0014608
6.343375e-06	0.00143065
6.344375e-06	0.0014407
6.345375e-06	0.0014809
6.346375e-06	0.0014608
6.3473749999999995e-06	0.0014407
6.348375e-06	0.0014206
6.349375e-06	0.00143065
6.350374999999999e-06	0.00141055
6.351375e-06	0.0014407
6.3523749999999995e-06	0.0014206
6.353375e-06	0.00147085
6.354375e-06	0.00145075
6.355375e-06	0.0014407
6.356375e-06	0.0014608
6.357374999999999e-06	0.0014407
6.358375e-06	0.00145075
6.3593749999999996e-06	0.0014608
6.360374999999999e-06	0.0014407
6.361375e-06	0.0014608
6.362375e-06	0.00145075
6.363375e-06	0.00145075
6.3643749999999995e-06	0.00143065
6.365375e-06	0.0014206
6.366375e-06	0.00139045
6.367374999999999e-06	0.0014005
6.368375e-06	0.0014206
6.3693749999999995e-06	0.0014206
6.370375e-06	0.0014206
6.371375e-06	0.0014206
6.372375e-06	0.0014206
6.373375e-06	0.0014005
6.3743749999999994e-06	0.0014407
6.375375e-06	0.0014809
6.376375e-06	0.00145075
6.377374999999999e-06	0.0014407
6.378375e-06	0.00145075
6.379375e-06	0.00143065
6.380375e-06	0.0014608
6.3813749999999995e-06	0.00145075
6.382375e-06	0.00145075
6.383375e-06	0.00143065
6.384374999999999e-06	0.00141055
6.385375e-06	0.00139045
6.3863749999999995e-06	0.00145075
6.387375e-06	0.00143065
6.388375e-06	0.00141055
6.389375e-06	0.0014608
6.390375e-06	0.00141055
6.3913749999999994e-06	0.0014206
6.392375e-06	0.0014809
6.393375e-06	0.00145075
6.394374999999999e-06	0.00145075
6.395375e-06	0.00145075
6.396375e-06	0.00145075
6.397375e-06	0.0014608
6.3983749999999995e-06	0.00147085
6.399375e-06	0.0014809
6.400375e-06	0.00145075
6.401374999999999e-06	0.00149095
6.402375e-06	0.00145075
6.4033749999999995e-06	0.00147085
6.404375e-06	0.0014407
6.405375e-06	0.0014407
6.406375e-06	0.00143065
6.407375e-06	0.00145075
6.4083749999999994e-06	0.0014407
6.409375e-06	0.00145075
6.410375e-06	0.0014407
6.411374999999999e-06	0.00145075
6.412375e-06	0.00141055
6.413375e-06	0.00143065
6.414375e-06	0.0014608
6.4153749999999995e-06	0.0014608
6.416375e-06	0.00147085
6.417375e-06	0.00147085
6.418374999999999e-06	0.0014608
6.419375e-06	0.0014206
6.4203749999999995e-06	0.00143065
6.421375e-06	0.00141055
6.422375e-06	0.0014608
6.423375e-06	0.00147085
6.424375e-06	0.00143065
6.4253749999999994e-06	0.00143065
6.426375e-06	0.00145075
6.427375e-06	0.0014206
6.428374999999999e-06	0.00141055
6.429375e-06	0.00143065
6.430375e-06	0.00145075
6.431375e-06	0.0014608
6.4323749999999995e-06	0.00145075
6.433375e-06	0.00147085
6.434375e-06	0.00143065
6.435374999999999e-06	0.00147085
6.436375e-06	0.00147085
6.4373749999999995e-06	0.00149095
6.438375e-06	0.0014608
6.439375e-06	0.00147085
6.440375e-06	0.00143065
6.441375e-06	0.00145075
6.4423749999999995e-06	0.00141055
6.443375e-06	0.00143065
6.444375e-06	0.0014407
6.445374999999999e-06	0.00145075
6.446375e-06	0.00143065
6.447375e-06	0.0014206
6.448375e-06	0.00143065
6.4493749999999996e-06	0.0014608
6.450375e-06	0.00143065
6.451375e-06	0.00145075
6.452374999999999e-06	0.0014809
6.453375e-06	0.00145075
6.4543749999999995e-06	0.00145075
6.455375e-06	0.0014608
6.456375e-06	0.00147085
6.457375e-06	0.0014608
6.458375e-06	0.00147085
6.4593749999999995e-06	0.00147085
6.460375e-06	0.0014608
6.461375e-06	0.00147085
6.462374999999999e-06	0.00143065
6.463375e-06	0.0014407
6.464375e-06	0.0014206
6.465375e-06	0.0014407
6.4663749999999996e-06	0.00143065
6.467375e-06	0.00145075
6.468375e-06	0.0014005
6.469374999999999e-06	0.0014206
6.470375e-06	0.00143065
6.4713749999999995e-06	0.00145075
6.472375e-06	0.0014608
6.473375e-06	0.0014407
6.474375e-06	0.0014608
6.475375e-06	0.0014608
6.4763749999999995e-06	0.00145075
6.477375e-06	0.0014608
6.478375e-06	0.00143065
6.479374999999999e-06	0.00145075
6.480375e-06	0.0014608
6.481375e-06	0.0014608
6.482375e-06	0.0014407
6.4833749999999996e-06	0.00145075
6.484375e-06	0.00141055
6.485375e-06	0.00143065
6.486374999999999e-06	0.00143065
6.487375e-06	0.0014608
6.4883749999999995e-06	0.00143065
6.489375e-06	0.0014407
6.490375e-06	0.0014407
6.491375e-06	0.0014206
6.492375e-06	0.00143065
6.4933749999999995e-06	0.00145075
6.494375e-06	0.0014407
6.495375e-06	0.00147085
6.496374999999999e-06	0.00149095
6.497375e-06	0.00150101
6.498375e-06	0.00147085
6.499375e-06	0.0014809
6.5003749999999996e-06	0.00147085
6.501375e-06	0.00147085
6.502375e-06	0.00147085
6.503374999999999e-06	0.00147085
6.504375e-06	0.00147085
6.5053749999999995e-06	0.00145075
6.506375e-06	0.0014206
6.507375e-06	0.00143065
6.508375e-06	0.0014206
6.509375e-06	0.0014005
6.5103749999999995e-06	0.00141055
6.511375e-06	0.0014206
6.512375e-06	0.0014206
6.513374999999999e-06	0.00145075
6.514375e-06	0.0014608
6.515375e-06	0.0014809
6.516375e-06	0.00147085
6.517375e-06	0.0014608
6.518375e-06	0.0014608
6.519375e-06	0.0014608
6.520374999999999e-06	0.00147085
6.521375e-06	0.0014608
6.5223749999999995e-06	0.00143065
6.523375e-06	0.0014608
6.524375e-06	0.0014407
6.525375e-06	0.00145075
6.526375e-06	0.00145075
6.5273749999999995e-06	0.00145075
6.528375e-06	0.00141055
6.529375e-06	0.00145075
6.530374999999999e-06	0.00143065
6.531375e-06	0.00143065
6.532375e-06	0.00143065
6.533375e-06	0.0014206
6.534375e-06	0.00143065
6.535375e-06	0.00143065
6.536375e-06	0.0014407
6.537374999999999e-06	0.00147085
6.538375e-06	0.0014608
6.5393749999999995e-06	0.00143065
6.540375e-06	0.0014809
6.541375e-06	0.0014407
6.542375e-06	0.0014608
6.543375e-06	0.00143065
6.5443749999999995e-06	0.00143065
6.545375e-06	0.0014005
6.546375e-06	0.0014206
6.547374999999999e-06	0.0014005
6.548375e-06	0.0014005
6.5493749999999994e-06	0.0014206
6.550375e-06	0.0014407
6.551375e-06	0.0014206
6.552375e-06	0.00141055
6.553375e-06	0.00141055
6.554374999999999e-06	0.00139045
6.555375e-06	0.00143065
6.5563749999999995e-06	0.00145075
6.557375e-06	0.00143065
6.558375e-06	0.0014608
6.559375e-06	0.0014608
6.560375e-06	0.0014608
6.5613749999999995e-06	0.0014407
6.562375e-06	0.00145075
6.563375e-06	0.00147085
6.564374999999999e-06	0.00143065
6.565375e-06	0.0014206
6.5663749999999995e-06	0.0014407
6.567375e-06	0.0014206
6.568375e-06	0.0014005
6.569375e-06	0.0014005
6.570375e-06	0.00141055
6.571374999999999e-06	0.00141055
6.572375e-06	0.00145075
6.5733749999999996e-06	0.0014608
6.574375e-06	0.0014809
6.575375e-06	0.00143065
6.576375e-06	0.0014206
6.577375e-06	0.0014206
6.5783749999999995e-06	0.0014206
6.579375e-06	0.00143065
6.580375e-06	0.00143065
6.581374999999999e-06	0.0014206
6.582375e-06	0.00143065
6.5833749999999995e-06	0.0014206
6.584375e-06	0.0014206
6.585375e-06	0.0014206
6.586375e-06	0.00141055
6.587375e-06	0.00145075
6.588374999999999e-06	0.00145075
6.589375e-06	0.0014407
6.5903749999999996e-06	0.0014206
6.591375e-06	0.00143065
6.592375e-06	0.00141055
6.593375e-06	0.00143065
6.594375e-06	0.0014608
6.5953749999999995e-06	0.00147085
6.596375e-06	0.00145075
6.597375e-06	0.0014608
6.598374999999999e-06	0.00143065
6.599375e-06	0.00145075
6.6003749999999995e-06	0.0014407
6.601375e-06	0.00145075
6.602375e-06	0.0014407
6.603375e-06	0.00143065
6.604375e-06	0.00141055
6.605374999999999e-06	0.0014206
6.606375e-06	0.00143065
6.6073749999999996e-06	0.00143065
6.608375e-06	0.0014407
6.609375e-06	0.00143065
6.610375e-06	0.0014407
6.611375e-06	0.00143065
6.6123749999999995e-06	0.0014005
6.613375e-06	0.0014407
6.614375e-06	0.0014407
6.615374999999999e-06	0.00145075
6.616375e-06	0.0014608
6.6173749999999995e-06	0.00147085
6.618375e-06	0.0014608
6.619375e-06	0.0014407
6.620375e-06	0.0014407
6.621375e-06	0.0014206
6.6223749999999994e-06	0.0014206
6.623375e-06	0.00141055
6.6243749999999996e-06	0.0014206
6.625375e-06	0.0014206
6.626375e-06	0.00137035
6.627375e-06	0.0014005
6.628375e-06	0.0014206
6.6293749999999995e-06	0.0014407
6.630375e-06	0.0014206
6.631375e-06	0.0014206
6.632374999999999e-06	0.00141055
6.633375e-06	0.00143065
6.6343749999999995e-06	0.00141055
6.635375e-06	0.0014608
6.636375e-06	0.0014608
6.637375e-06	0.0014608
6.638375e-06	0.0014206
6.6393749999999994e-06	0.00143065
6.640375e-06	0.00143065
6.641375e-06	0.0014407
6.642375e-06	0.0014206
6.643375e-06	0.0014206
6.644375e-06	0.0014407
6.645375e-06	0.00143065
6.6463749999999995e-06	0.0014206
6.647375e-06	0.0014206
6.648375e-06	0.0014005
6.649374999999999e-06	0.0014206
6.650375e-06	0.0014005
6.6513749999999995e-06	0.0014206
6.652375e-06	0.00139045
6.653375e-06	0.0014206
6.654375e-06	0.00145075
6.655375e-06	0.0014206
6.6563749999999994e-06	0.00147085
6.657375e-06	0.00143065
6.658375e-06	0.0014608
6.659375e-06	0.00145075
6.660375e-06	0.00145075
6.661375e-06	0.0014608
6.662375e-06	0.0014407
6.6633749999999995e-06	0.0014407
6.664375e-06	0.0014206
6.665375e-06	0.0014407
6.666374999999999e-06	0.0014608
6.667375e-06	0.0014608
6.6683749999999995e-06	0.0014206
6.669375e-06	0.0014206
6.670375e-06	0.0014206
6.671375e-06	0.00141055
6.672375e-06	0.00143065
6.6733749999999994e-06	0.0014608
6.674375e-06	0.00147085
6.675375e-06	0.00145075
6.676374999999999e-06	0.0014407
6.677375e-06	0.0014608
6.678375e-06	0.0014407
6.679375e-06	0.0014608
6.6803749999999995e-06	0.0014608
6.681375e-06	0.0014608
6.682375e-06	0.00147085
6.683374999999999e-06	0.0014407
6.684375e-06	0.00143065
6.6853749999999995e-06	0.0014206
6.686375e-06	0.0014407
6.687375e-06	0.00143065
6.688375e-06	0.0014407
6.689375e-06	0.0014407
6.6903749999999995e-06	0.0014407
6.691375e-06	0.0014407
6.692375e-06	0.00145075
6.693374999999999e-06	0.0014608
6.694375e-06	0.0014809
6.695375e-06	0.00147085
6.696375e-06	0.00147085
6.6973749999999996e-06	0.00151106
6.698375e-06	0.0014608
6.699375e-06	0.00150101
6.700374999999999e-06	0.00147085
6.701375e-06	0.00145075
6.7023749999999995e-06	0.00147085
6.703375e-06	0.00145075
6.704375e-06	0.0014005
6.705375e-06	0.0014407
6.706375e-06	0.00141055
6.7073749999999995e-06	0.00141055
6.708375e-06	0.0014206
6.709375e-06	0.0014407
6.710374999999999e-06	0.0014407
6.711375e-06	0.00143065
6.712375e-06	0.0014206
6.713375e-06	0.00141055
6.7143749999999996e-06	0.00141055
6.715375e-06	0.0014005
6.716375e-06	0.00137035
6.717374999999999e-06	0.00139045
6.718375e-06	0.00141055
6.7193749999999995e-06	0.00139045
6.720375e-06	0.0014005
6.721375e-06	0.0014005
6.722375e-06	0.00139045
6.723375e-06	0.0014005
6.7243749999999995e-06	0.0013804
6.725375e-06	0.0013804
6.726375e-06	0.0013804
6.727374999999999e-06	0.0013804
6.728375e-06	0.00139045
6.729375e-06	0.00143065
6.730375e-06	0.0014005
6.7313749999999996e-06	0.00141055
6.732375e-06	0.00143065
6.733375e-06	0.0014005
6.734374999999999e-06	0.00141055
6.735375e-06	0.00143065
6.7363749999999995e-06	0.00145075
6.737375e-06	0.0014608
6.738375e-06	0.0014608
6.739375e-06	0.00143065
6.740375e-06	0.0014206
6.7413749999999995e-06	0.0014206
6.742375e-06	0.00145075
6.743375e-06	0.0014407
6.744374999999999e-06	0.00143065
6.745375e-06	0.00141055
6.746375e-06	0.00139045
6.747375e-06	0.0014005
6.7483749999999996e-06	0.0014005
6.749375e-06	0.0014206
6.750375e-06	0.0014407
6.751374999999999e-06	0.0014407
6.752375e-06	0.0014407
6.7533749999999995e-06	0.0014608
6.754375e-06	0.0014407
6.755375e-06	0.00141055
6.756375e-06	0.0014407
6.757375e-06	0.0014608
6.7583749999999995e-06	0.0014809
6.759375e-06	0.00143065
6.760375e-06	0.00143065
6.761374999999999e-06	0.0014206
6.762375e-06	0.00143065
6.763375e-06	0.00141055
6.764375e-06	0.0014206
6.765375e-06	0.00143065
6.766375e-06	0.00139045
6.767375e-06	0.00141055
6.768374999999999e-06	0.0014206
6.769375e-06	0.00141055
6.7703749999999995e-06	0.0014407
6.771375e-06	0.00143065
6.772375e-06	0.00145075
6.773375e-06	0.0014809
6.774375e-06	0.00145075
6.7753749999999995e-06	0.00145075
6.776375e-06	0.00145075
6.777375e-06	0.00145075
6.778374999999999e-06	0.00145075
6.779375e-06	0.0014206
6.780375e-06	0.0014206
6.781375e-06	0.0014206
6.782375e-06	0.00137035
6.783375e-06	0.00139045
6.784375e-06	0.00139045
6.785374999999999e-06	0.00139045
6.786375e-06	0.00139045
6.7873749999999995e-06	0.00137035
6.788375e-06	0.0013804
6.789375e-06	0.00137035
6.790375e-06	0.00135025
6.791375e-06	0.00139045
6.7923749999999995e-06	0.0013804
6.793375e-06	0.0014206
6.794375e-06	0.00141055
6.795374999999999e-06	0.0014407
6.796375e-06	0.00141055
6.797375e-06	0.00143065
6.798375e-06	0.0014608
6.799375e-06	0.0014608
6.800375e-06	0.00147085
6.801375e-06	0.00147085
6.802374999999999e-06	0.0014407
6.803375e-06	0.0014407
6.8043749999999995e-06	0.00141055
6.805375e-06	0.0014206
6.806375e-06	0.00139045
6.807375e-06	0.0014407
6.808375e-06	0.0014206
6.8093749999999995e-06	0.00143065
6.810375e-06	0.00143065
6.811375e-06	0.0014407
6.812374999999999e-06	0.00145075
6.813375e-06	0.0014407
6.814375e-06	0.00145075
6.815375e-06	0.0014608
6.816375e-06	0.0014608
6.817375e-06	0.00145075
6.818375e-06	0.0014407
6.819374999999999e-06	0.00143065
6.820375e-06	0.00143065
6.8213749999999996e-06	0.00145075
6.822375e-06	0.0014809
6.823375e-06	0.00147085
6.824375e-06	0.00143065
6.825375e-06	0.0014809
6.8263749999999995e-06	0.0014206
6.827375e-06	0.0014206
6.828375e-06	0.0014407
6.829374999999999e-06	0.00143065
6.830375e-06	0.0014206
6.831375e-06	0.0014407
6.832375e-06	0.0014206
6.833375e-06	0.0014407
6.834375e-06	0.00143065
6.835375e-06	0.0014608
6.836374999999999e-06	0.00143065
6.837375e-06	0.0014809
6.8383749999999996e-06	0.00147085
6.839375e-06	0.0014809
6.840375e-06	0.00145075
6.841375e-06	0.0014608
6.842375e-06	0.00145075
6.8433749999999995e-06	0.00145075
6.844375e-06	0.0014407
6.845375e-06	0.0014206
6.846374999999999e-06	0.0014206
6.847375e-06	0.0014005
6.848375e-06	0.00139045
6.849375e-06	0.00143065
6.850375e-06	0.0014005
6.851375e-06	0.00141055
6.852375e-06	0.00143065
6.853374999999999e-06	0.00141055
6.854375e-06	0.00143065
6.855375e-06	0.0014407
6.856374999999999e-06	0.00143065
6.857375e-06	0.00143065
6.858375e-06	0.0014206
6.859375e-06	0.0014206
6.8603749999999995e-06	0.00143065
6.861375e-06	0.00143065
6.862375e-06	0.00141055
6.863374999999999e-06	0.0014206
6.864375e-06	0.0014407
6.865375e-06	0.0014407
6.866375e-06	0.0014005
6.867375e-06	0.00143065
6.868375e-06	0.0014005
6.869375e-06	0.0014206
6.870374999999999e-06	0.0014005
6.871375e-06	0.00143065
6.8723749999999996e-06	0.0014206
6.873374999999999e-06	0.0014407
6.874375e-06	0.0014407
6.875375e-06	0.0014608
6.876375e-06	0.00147085
6.8773749999999995e-06	0.0014608
6.878375e-06	0.00147085
6.879375e-06	0.00149095
6.880374999999999e-06	0.0014608
6.881375e-06	0.0014407
6.882375e-06	0.0014206
6.883375e-06	0.0014206
6.884375e-06	0.00141055
6.885375e-06	0.0014206
6.886375e-06	0.00139045
6.8873749999999994e-06	0.0013804
6.888375e-06	0.0014005
6.889375e-06	0.0014407
6.890374999999999e-06	0.00143065
6.891375e-06	0.0014206
6.892375e-06	0.0014407
6.893375e-06	0.0014407
6.8943749999999995e-06	0.00143065
6.895375e-06	0.00147085
6.896375e-06	0.00143065
6.897374999999999e-06	0.0014809
6.898375e-06	0.00143065
6.899375e-06	0.0014407
6.900375e-06	0.00145075
6.901375e-06	0.00147085
6.902375e-06	0.0014608
6.903375e-06	0.0014608
6.9043749999999994e-06	0.00145075
6.905375e-06	0.0014608
6.906375e-06	0.00143065
6.907374999999999e-06	0.0014206
6.908375e-06	0.0014206
6.909375e-06	0.00141055
6.910375e-06	0.00143065
6.9113749999999995e-06	0.00143065
6.912375e-06	0.00141055
6.913375e-06	0.0014206
6.914374999999999e-06	0.00141055
6.915375e-06	0.0014005
6.916375e-06	0.0014005
6.917375e-06	0.0014407
6.918375e-06	0.00145075
6.919375e-06	0.0014608
6.920375e-06	0.00145075
6.9213749999999994e-06	0.0014206
6.922375e-06	0.00141055
6.923375e-06	0.0014206
6.924374999999999e-06	0.0014407
6.925375e-06	0.00143065
6.926375e-06	0.0014005
6.927375e-06	0.00143065
6.9283749999999995e-06	0.00141055
6.929375e-06	0.0014206
6.930375e-06	0.00143065
6.931374999999999e-06	0.00145075
6.932375e-06	0.0014608
