5.684375e-06	0.0014809
5.684625e-06	0.00150101
5.684875e-06	0.00149095
5.685125e-06	0.00150101
5.685375e-06	0.00150101
5.685625e-06	0.00150101
5.685875e-06	0.00149095
5.686125e-06	0.00149095
5.686375e-06	0.0014809
5.686625e-06	0.0014809
5.6868750000000005e-06	0.0014809
5.687125e-06	0.0014809
5.687375e-06	0.00149095
5.6876250000000005e-06	0.00149095
5.687875e-06	0.00150101
5.688125e-06	0.00151106
5.688375e-06	0.00150101
5.688625e-06	0.00151106
5.688875e-06	0.00151106
5.689125e-06	0.00150101
5.689375e-06	0.00150101
5.689625e-06	0.00151106
5.689875e-06	0.00152111
5.690125e-06	0.00152111
5.690375e-06	0.00151106
5.690625e-06	0.00150101
5.690875e-06	0.00151106
5.6911250000000005e-06	0.00151106
5.691375e-06	0.00151106
5.691625e-06	0.00150101
5.6918750000000005e-06	0.00149095
5.692125e-06	0.00149095
5.692375e-06	0.00150101
5.692625e-06	0.00152111
5.692875e-06	0.00153116
5.693125e-06	0.00153116
5.693375e-06	0.00152111
5.693625e-06	0.00150101
5.693875e-06	0.00149095
5.694125e-06	0.0014809
5.694375e-06	0.00147085
5.694625e-06	0.00147085
5.694875e-06	0.0014809
5.695125e-06	0.00150101
5.6953750000000005e-06	0.00150101
5.695625e-06	0.00150101
5.695875e-06	0.00150101
5.6961250000000005e-06	0.00151106
5.696375e-06	0.00151106
5.696625e-06	0.00151106
5.696875e-06	0.00152111
5.697125e-06	0.00150101
5.697375e-06	0.00151106
5.697625e-06	0.00149095
5.697875e-06	0.0014809
5.698125e-06	0.0014809
5.698375e-06	0.00149095
5.698625e-06	0.00149095
5.698875e-06	0.00150101
5.699125e-06	0.0014809
5.699375e-06	0.00147085
5.6996250000000005e-06	0.0014809
5.699875e-06	0.00149095
5.700125e-06	0.00152111
5.7003750000000005e-06	0.00152111
5.700625e-06	0.00151106
5.700875e-06	0.00152111
5.701125e-06	0.00150101
5.701375e-06	0.00149095
5.701625e-06	0.00150101
5.701875e-06	0.00151106
5.702125e-06	0.00151106
5.702375e-06	0.00150101
5.702625e-06	0.00149095
5.702875e-06	0.00150101
5.703125e-06	0.00151106
5.703375e-06	0.00152111
5.703625e-06	0.00152111
5.7038750000000005e-06	0.00152111
5.704125e-06	0.00152111
5.704375e-06	0.00152111
5.7046250000000005e-06	0.00152111
5.704875e-06	0.00152111
5.705125e-06	0.00152111
5.705375e-06	0.00150101
5.705625e-06	0.00152111
5.705875e-06	0.00151106
5.706125e-06	0.00151106
5.706375e-06	0.00150101
5.706625e-06	0.00150101
5.706875e-06	0.00151106
5.707125e-06	0.00149095
5.707375e-06	0.00149095
5.707625e-06	0.00145075
5.707875e-06	0.00145075
5.7081250000000005e-06	0.0014608
5.708375e-06	0.00147085
5.708625e-06	0.00150101
5.7088750000000005e-06	0.00150101
5.709125e-06	0.00151106
5.709375e-06	0.00151106
5.709625e-06	0.00151106
5.709875e-06	0.00151106
5.710125e-06	0.00150101
5.710375e-06	0.00149095
5.710625e-06	0.00149095
5.710875e-06	0.00151106
5.711125e-06	0.00150101
5.711375e-06	0.00151106
5.711625e-06	0.00151106
5.711875e-06	0.00151106
5.712125e-06	0.00151106
5.7123750000000005e-06	0.00150101
5.712625e-06	0.00149095
5.712875e-06	0.00149095
5.7131250000000005e-06	0.0014809
5.713375e-06	0.0014809
5.713625e-06	0.0014809
5.713875e-06	0.00149095
5.714125e-06	0.00149095
5.714375e-06	0.0014809
5.714625e-06	0.0014809
5.714875e-06	0.00147085
5.715125e-06	0.0014809
5.715375e-06	0.0014809
5.715625e-06	0.0014809
5.715875e-06	0.00149095
5.716125e-06	0.00149095
5.716375e-06	0.0014809
5.7166250000000005e-06	0.00147085
5.716875e-06	0.00147085
5.717125e-06	0.0014608
5.7173750000000005e-06	0.0014809
5.717625e-06	0.0014809
5.717875e-06	0.00147085
5.718125e-06	0.0014809
5.718375e-06	0.0014809
5.718625e-06	0.0014809
5.718875e-06	0.0014809
5.719125e-06	0.00147085
5.719375e-06	0.0014608
5.719625e-06	0.0014608
5.719875e-06	0.00147085
5.720125e-06	0.0014809
5.720375e-06	0.0014809
5.720625e-06	0.00149095
5.7208750000000005e-06	0.0014809
5.721125e-06	0.0014809
5.721375e-06	0.00150101
5.7216250000000005e-06	0.00150101
5.721875e-06	0.00150101
5.722125e-06	0.00150101
5.722375e-06	0.00150101
5.722625e-06	0.00149095
5.722875e-06	0.0014809
5.723125e-06	0.00147085
5.723375e-06	0.00147085
5.723625e-06	0.0014809
5.723875e-06	0.00149095
5.724125e-06	0.0014809
5.724375e-06	0.00149095
5.724625e-06	0.00150101
5.724875e-06	0.00150101
5.7251250000000005e-06	0.00150101
5.725375e-06	0.00150101
5.725625e-06	0.0014809
5.7258750000000005e-06	0.0014809
5.726125e-06	0.00147085
5.726375e-06	0.0014809
5.726625e-06	0.00147085
5.726875e-06	0.00147085
5.727125e-06	0.0014809
5.727375e-06	0.0014809
5.727625e-06	0.00147085
5.727875e-06	0.00147085
5.728125e-06	0.0014608
5.728375e-06	0.0014608
5.728625e-06	0.00147085
5.728875e-06	0.00149095
5.729125e-06	0.00150101
5.7293750000000005e-06	0.00149095
5.729625e-06	0.00147085
5.729875e-06	0.00147085
5.7301250000000005e-06	0.00149095
5.730375e-06	0.00150101
5.730625e-06	0.00152111
5.730875e-06	0.00151106
5.731125e-06	0.00150101
5.731375e-06	0.00149095
5.731625e-06	0.00149095
5.731875e-06	0.00149095
5.732125e-06	0.00150101
5.732375e-06	0.00150101
5.732625e-06	0.00151106
5.732875e-06	0.00151106
5.733125e-06	0.00150101
5.733375e-06	0.00149095
5.7336250000000005e-06	0.00149095
5.733875e-06	0.00149095
5.734125e-06	0.00150101
5.7343750000000005e-06	0.00150101
5.734625e-06	0.00150101
5.734875e-06	0.00150101
5.735125e-06	0.00150101
5.735375e-06	0.00149095
5.735625e-06	0.00149095
5.735875e-06	0.00149095
5.736125e-06	0.00150101
5.736375e-06	0.00150101
5.736625e-06	0.00151106
5.736875e-06	0.00151106
5.737125e-06	0.00150101
5.737375e-06	0.00150101
5.737625e-06	0.00151106
5.7378750000000005e-06	0.00153116
5.738125e-06	0.00153116
5.738375e-06	0.00151106
5.7386250000000005e-06	0.00151106
5.738875e-06	0.00151106
5.739125e-06	0.00151106
5.7393750000000004e-06	0.00149095
5.739625e-06	0.00147085
5.739875e-06	0.00147085
5.740125e-06	0.00147085
5.740375e-06	0.0014809
5.740625e-06	0.00149095
5.740875e-06	0.00147085
5.741125e-06	0.0014809
5.741375e-06	0.00147085
5.741625e-06	0.00150101
5.741875e-06	0.00149095
5.7421250000000005e-06	0.00150101
5.742375e-06	0.00152111
5.742625e-06	0.00154121
5.7428750000000005e-06	0.00153116
5.743125e-06	0.00152111
5.743375e-06	0.00153116
5.7436250000000004e-06	0.00152111
5.743875e-06	0.00152111
5.744125e-06	0.00150101
5.744375e-06	0.00149095
5.744625e-06	0.00149095
5.744875e-06	0.00150101
5.745125e-06	0.00151106
5.745375e-06	0.00151106
5.745625e-06	0.00151106
5.745875e-06	0.00151106
5.746125e-06	0.00152111
5.746375e-06	0.00151106
5.746625e-06	0.00150101
5.746875e-06	0.00150101
5.7471250000000005e-06	0.00150101
5.747375e-06	0.00152111
5.747625e-06	0.00154121
5.7478750000000004e-06	0.00154121
5.748125e-06	0.00154121
5.748375e-06	0.00153116
5.748625e-06	0.00153116
5.748875e-06	0.00153116
5.749125e-06	0.00152111
5.749375e-06	0.00151106
5.749625e-06	0.00150101
5.749875e-06	0.00149095
5.750125e-06	0.0014809
5.750375e-06	0.00149095
5.7506250000000005e-06	0.00150101
5.750875e-06	0.00151106
5.751125e-06	0.00150101
5.7513750000000005e-06	0.00150101
5.751625e-06	0.00149095
5.751875e-06	0.0014809
5.7521250000000004e-06	0.0014809
5.752375e-06	0.0014809
5.752625e-06	0.00149095
5.752875e-06	0.00151106
5.753125e-06	0.00152111
5.753375e-06	0.00151106
5.753625e-06	0.00151106
5.753875e-06	0.0014809
5.754125e-06	0.00149095
5.754375e-06	0.00149095
5.754625e-06	0.00150101
5.754875e-06	0.00150101
5.755125e-06	0.00150101
5.755375e-06	0.00151106
5.7556250000000005e-06	0.00151106
5.755875e-06	0.00150101
5.756125e-06	0.00150101
5.7563750000000004e-06	0.00150101
5.756625e-06	0.00151106
5.756875e-06	0.00150101
5.757125e-06	0.00149095
5.757375e-06	0.0014809
5.757625e-06	0.00147085
5.757875e-06	0.0014608
5.758125e-06	0.00147085
5.758375e-06	0.0014809
5.758625e-06	0.00149095
5.758875e-06	0.00149095
5.7591250000000005e-06	0.00149095
5.759375e-06	0.00149095
5.759625e-06	0.00149095
5.7598750000000005e-06	0.00149095
5.760125e-06	0.00150101
5.760375e-06	0.00151106
5.7606250000000004e-06	0.00150101
5.760875e-06	0.00149095
5.761125e-06	0.00149095
5.761375e-06	0.00149095
5.761625e-06	0.00149095
5.761875e-06	0.0014809
5.762125e-06	0.0014809
5.762375e-06	0.00149095
5.762625e-06	0.00149095
5.762875e-06	0.00150101
5.763125e-06	0.00149095
5.763375e-06	0.0014809
5.763625e-06	0.0014608
5.763875e-06	0.00145075
5.7641250000000005e-06	0.00145075
5.764375e-06	0.00145075
5.764625e-06	0.00147085
5.7648750000000004e-06	0.0014608
5.765125e-06	0.00145075
5.765375e-06	0.0014608
5.765625e-06	0.0014608
5.765875e-06	0.0014608
5.766125e-06	0.0014809
5.766375e-06	0.00150101
5.766625e-06	0.00150101
5.766875e-06	0.00150101
5.767125e-06	0.00149095
5.767375e-06	0.00149095
5.7676250000000005e-06	0.00149095
5.767875e-06	0.00149095
5.768125e-06	0.00150101
5.7683750000000005e-06	0.00151106
5.768625e-06	0.00150101
5.768875e-06	0.00150101
5.7691250000000004e-06	0.00149095
5.769375e-06	0.00149095
5.769625e-06	0.00149095
5.769875e-06	0.00149095
5.770125e-06	0.00149095
5.770375e-06	0.00149095
5.770625e-06	0.00149095
5.770875e-06	0.00150101
5.771125e-06	0.00150101
5.771375e-06	0.00150101
5.771625e-06	0.00149095
5.771875e-06	0.00149095
5.772125e-06	0.0014809
5.772375e-06	0.00150101
5.7726250000000005e-06	0.00151106
5.772875e-06	0.00150101
5.773125e-06	0.00150101
5.7733750000000004e-06	0.00149095
5.773625e-06	0.00149095
5.773875e-06	0.0014809
5.774125e-06	0.00147085
5.774375e-06	0.0014809
5.774625e-06	0.00147085
5.774875e-06	0.00147085
5.775125e-06	0.0014608
5.775375e-06	0.0014608
5.775625e-06	0.00147085
5.775875e-06	0.00150101
5.7761250000000005e-06	0.00151106
5.776375e-06	0.00151106
5.776625e-06	0.00150101
5.7768750000000005e-06	0.0014809
5.777125e-06	0.00147085
5.777375e-06	0.00147085
5.7776250000000004e-06	0.0014809
5.777875e-06	0.00149095
5.778125e-06	0.00150101
5.778375e-06	0.0014809
5.778625e-06	0.00149095
5.778875e-06	0.00147085
5.779125e-06	0.0014809
5.779375e-06	0.0014809
5.779625e-06	0.00147085
5.779875e-06	0.0014809
5.780125e-06	0.0014809
5.780375e-06	0.0014809
5.780625e-06	0.00149095
5.780875e-06	0.00149095
5.7811250000000005e-06	0.00149095
5.781375e-06	0.0014809
5.781625e-06	0.0014608
5.7818750000000004e-06	0.00147085
5.782125e-06	0.00147085
5.782375e-06	0.00147085
5.782625e-06	0.00149095
5.782875e-06	0.00150101
5.783125e-06	0.00151106
5.783375e-06	0.00150101
5.783625e-06	0.00149095
5.783875e-06	0.0014809
5.784125e-06	0.0014809
5.784375e-06	0.0014809
5.784625e-06	0.0014809
5.784875e-06	0.0014809
5.785125e-06	0.00149095
5.7853750000000005e-06	0.00150101
5.785625e-06	0.00152111
5.785875e-06	0.00152111
5.7861250000000004e-06	0.00153116
5.786375e-06	0.00151106
5.786625e-06	0.00151106
5.786875e-06	0.00150101
5.787125e-06	0.00151106
5.787375e-06	0.00150101
5.787625e-06	0.00150101
5.787875e-06	0.00150101
5.788125e-06	0.00151106
5.788375e-06	0.00151106
5.788625e-06	0.00152111
5.788875e-06	0.00153116
5.789125e-06	0.00152111
5.789375e-06	0.00152111
5.7896250000000005e-06	0.00150101
5.789875e-06	0.00149095
5.790125e-06	0.00150101
5.7903750000000004e-06	0.00150101
5.790625e-06	0.00149095
5.790875e-06	0.00149095
5.791125e-06	0.00151106
5.791375e-06	0.00153116
5.791625e-06	0.00154121
5.791875e-06	0.00152111
5.792125e-06	0.00150101
5.792375e-06	0.00150101
5.792625e-06	0.00150101
5.792875e-06	0.00151106
5.793125e-06	0.00151106
5.793375e-06	0.00151106
5.793625e-06	0.00150101
5.7938750000000005e-06	0.00149095
5.794125e-06	0.00150101
5.794375e-06	0.00150101
5.7946250000000004e-06	0.00150101
5.794875e-06	0.00150101
5.795125e-06	0.00150101
5.795375e-06	0.00150101
5.795625e-06	0.00150101
5.795875e-06	0.00150101
5.796125e-06	0.00151106
5.796375e-06	0.00151106
5.796625e-06	0.00152111
5.796875e-06	0.00151106
5.797125e-06	0.00152111
5.797375e-06	0.00150101
5.797625e-06	0.00150101
5.797875e-06	0.00149095
5.7981250000000005e-06	0.00149095
5.798375e-06	0.00150101
5.798625e-06	0.00151106
5.7988750000000004e-06	0.00151106
5.799125e-06	0.00151106
5.799375e-06	0.00151106
5.799625e-06	0.00151106
5.799875e-06	0.00150101
5.800125e-06	0.00150101
5.800375e-06	0.00151106
5.800625e-06	0.00151106
5.800875e-06	0.00151106
5.801125e-06	0.00150101
5.801375e-06	0.00149095
5.801625e-06	0.00150101
5.801875e-06	0.00149095
5.802125e-06	0.00150101
5.8023750000000005e-06	0.00150101
5.802625e-06	0.00151106
5.802875e-06	0.00151106
5.8031250000000004e-06	0.00151106
5.803375e-06	0.00150101
5.803625e-06	0.00151106
5.803875e-06	0.00152111
5.804125e-06	0.00153116
5.804375e-06	0.00153116
5.804625e-06	0.00153116
5.804875e-06	0.00153116
5.805125e-06	0.00152111
5.805375e-06	0.00151106
5.805625e-06	0.00150101
5.805875e-06	0.00150101
5.806125e-06	0.00149095
5.806375e-06	0.00150101
5.8066250000000005e-06	0.00149095
5.806875e-06	0.00149095
5.807125e-06	0.0014809
5.8073750000000005e-06	0.00149095
5.807625e-06	0.00149095
5.807875e-06	0.00149095
5.808125e-06	0.00149095
5.808375e-06	0.00149095
5.808625e-06	0.00150101
5.808875e-06	0.00150101
5.809125e-06	0.00150101
5.809375e-06	0.00150101
5.809625e-06	0.00149095
5.809875e-06	0.00150101
5.810125e-06	0.00150101
5.810375e-06	0.00152111
5.810625e-06	0.00152111
5.8108750000000005e-06	0.00152111
5.811125e-06	0.00151106
5.811375e-06	0.00151106
5.8116250000000005e-06	0.00151106
5.811875e-06	0.00149095
5.812125e-06	0.00150101
5.812375e-06	0.00149095
5.812625e-06	0.0014809
5.812875e-06	0.00149095
5.813125e-06	0.00149095
5.813375e-06	0.00150101
5.813625e-06	0.00151106
5.813875e-06	0.00150101
5.814125e-06	0.00149095
5.814375e-06	0.00147085
5.814625e-06	0.0014608
5.814875e-06	0.0014809
5.8151250000000005e-06	0.00150101
5.815375e-06	0.00150101
5.815625e-06	0.00150101
5.8158750000000005e-06	0.0014809
5.816125e-06	0.0014809
5.816375e-06	0.00149095
5.816625e-06	0.00149095
5.816875e-06	0.00150101
5.817125e-06	0.00151106
5.817375e-06	0.00150101
5.817625e-06	0.00150101
5.817875e-06	0.0014809
5.818125e-06	0.0014809
5.818375e-06	0.00150101
5.818625e-06	0.00150101
5.818875e-06	0.00151106
5.819125e-06	0.00149095
5.8193750000000005e-06	0.00147085
5.819625e-06	0.00147085
5.819875e-06	0.0014809
5.8201250000000005e-06	0.00147085
5.820375e-06	0.0014608
5.820625e-06	0.0014608
5.820875e-06	0.0014608
5.821125e-06	0.0014608
5.821375e-06	0.00147085
5.821625e-06	0.0014608
5.821875e-06	0.00147085
5.822125e-06	0.0014809
5.822375e-06	0.00149095
5.822625e-06	0.00149095
5.822875e-06	0.00149095
5.823125e-06	0.00147085
5.823375e-06	0.0014809
5.8236250000000005e-06	0.00149095
5.823875e-06	0.00149095
5.824125e-06	0.00150101
5.8243750000000005e-06	0.00151106
5.824625e-06	0.00152111
5.824875e-06	0.00152111
5.825125e-06	0.00151106
5.825375e-06	0.00150101
5.825625e-06	0.00149095
5.825875e-06	0.00149095
5.826125e-06	0.0014809
5.826375e-06	0.00147085
5.826625e-06	0.0014809
5.826875e-06	0.00149095
5.827125e-06	0.00150101
5.827375e-06	0.00150101
5.827625e-06	0.00150101
5.8278750000000005e-06	0.00150101
5.828125e-06	0.00149095
5.828375e-06	0.0014809
5.8286250000000005e-06	0.00147085
5.828875e-06	0.0014608
5.829125e-06	0.00145075
5.829375e-06	0.0014608
5.829625e-06	0.00147085
5.829875e-06	0.0014809
5.830125e-06	0.00147085
5.830375e-06	0.0014809
5.830625e-06	0.00147085
5.830875e-06	0.0014608
5.831125e-06	0.00145075
5.831375e-06	0.0014608
5.831625e-06	0.0014809
5.831875e-06	0.0014608
5.8321250000000005e-06	0.00147085
5.832375e-06	0.0014608
5.832625e-06	0.00147085
5.8328750000000005e-06	0.00149095
5.833125e-06	0.00149095
5.833375e-06	0.00149095
5.833625e-06	0.00149095
5.833875e-06	0.0014809
5.834125e-06	0.00147085
5.834375e-06	0.00147085
5.834625e-06	0.0014608
5.834875e-06	0.00145075
5.835125e-06	0.00145075
5.835375e-06	0.0014407
5.835625e-06	0.0014407
5.835875e-06	0.0014407
5.836125e-06	0.0014608
5.8363750000000005e-06	0.00147085
5.836625e-06	0.0014809
5.836875e-06	0.00149095
5.8371250000000005e-06	0.0014809
5.837375e-06	0.00147085
5.837625e-06	0.00147085
5.837875e-06	0.00145075
5.838125e-06	0.00145075
5.838375e-06	0.0014608
5.838625e-06	0.00147085
5.838875e-06	0.0014809
5.839125e-06	0.0014809
5.839375e-06	0.00149095
5.839625e-06	0.0014809
5.839875e-06	0.0014809
5.840125e-06	0.0014608
5.840375e-06	0.00147085
5.8406250000000005e-06	0.0014608
5.840875e-06	0.0014608
5.841125e-06	0.00147085
5.8413750000000005e-06	0.0014608
5.841625e-06	0.0014608
5.841875e-06	0.0014608
5.842125e-06	0.0014608
5.842375e-06	0.0014809
5.842625e-06	0.0014809
5.842875e-06	0.0014809
5.843125e-06	0.0014809
5.843375e-06	0.00147085
5.843625e-06	0.00147085
5.843875e-06	0.0014809
5.844125e-06	0.00150101
5.844375e-06	0.00150101
5.844625e-06	0.00151106
5.8448750000000005e-06	0.00149095
5.845125e-06	0.00149095
5.845375e-06	0.00149095
5.8456250000000005e-06	0.00149095
5.845875e-06	0.0014809
5.846125e-06	0.00149095
5.846375e-06	0.00150101
5.846625e-06	0.00151106
5.846875e-06	0.00151106
5.847125e-06	0.00150101
5.847375e-06	0.0014809
5.847625e-06	0.0014809
5.847875e-06	0.0014809
5.848125e-06	0.0014809
5.848375e-06	0.00150101
5.848625e-06	0.00150101
5.848875e-06	0.00149095
5.8491250000000005e-06	0.00150101
5.849375e-06	0.00149095
5.849625e-06	0.0014809
5.8498750000000005e-06	0.0014809
5.850125e-06	0.00147085
5.850375e-06	0.00147085
5.850625e-06	0.0014608
5.850875e-06	0.00145075
5.851125e-06	0.0014608
5.851375e-06	0.0014608
5.851625e-06	0.00145075
5.851875e-06	0.00147085
5.852125e-06	0.00145075
5.852375e-06	0.00145075
5.852625e-06	0.00145075
5.852875e-06	0.0014608
5.853125e-06	0.0014608
5.8533750000000005e-06	0.00147085
5.853625e-06	0.0014608
5.853875e-06	0.0014608
5.8541250000000005e-06	0.0014608
5.854375e-06	0.00147085
5.854625e-06	0.0014809
5.854875e-06	0.00149095
5.855125e-06	0.0014809
5.855375e-06	0.00151106
5.855625e-06	0.00151106
5.855875e-06	0.00152111
5.856125e-06	0.00152111
5.856375e-06	0.00151106
5.856625e-06	0.00151106
5.856875e-06	0.00150101
5.857125e-06	0.00149095
5.857375e-06	0.0014809
5.8576250000000005e-06	0.00149095
5.857875e-06	0.00147085
5.858125e-06	0.0014608
5.8583750000000005e-06	0.00147085
5.858625e-06	0.00149095
5.858875e-06	0.00150101
5.859125e-06	0.00150101
5.859375e-06	0.00150101
5.859625e-06	0.00149095
5.859875e-06	0.00149095
5.860125e-06	0.0014809
5.860375e-06	0.0014809
5.860625e-06	0.00149095
5.860875e-06	0.00147085
5.861125e-06	0.00147085
5.861375e-06	0.0014608
5.861625e-06	0.00145075
5.8618750000000005e-06	0.00145075
5.862125e-06	0.00147085
5.862375e-06	0.0014809
5.8626250000000005e-06	0.0014809
5.862875e-06	0.0014809
5.863125e-06	0.00147085
5.863375e-06	0.00147085
5.863625e-06	0.0014809
5.863875e-06	0.00147085
5.864125e-06	0.0014809
5.864375e-06	0.00150101
5.864625e-06	0.00149095
5.864875e-06	0.00150101
5.865125e-06	0.00150101
5.865375e-06	0.00149095
5.865625e-06	0.00149095
5.865875e-06	0.00147085
5.8661250000000005e-06	0.0014608
5.866375e-06	0.00147085
5.866625e-06	0.00147085
5.8668750000000005e-06	0.00147085
5.867125e-06	0.0014809
5.867375e-06	0.00147085
5.8676250000000004e-06	0.00147085
5.867875e-06	0.00147085
5.868125e-06	0.00147085
5.868375e-06	0.00147085
5.868625e-06	0.00147085
5.868875e-06	0.0014809
5.869125e-06	0.0014809
5.869375e-06	0.0014809
5.869625e-06	0.0014809
5.869875e-06	0.0014809
5.870125e-06	0.00149095
5.8703750000000005e-06	0.00149095
5.870625e-06	0.00151106
5.870875e-06	0.00152111
5.8711250000000005e-06	0.00152111
5.871375e-06	0.00153116
5.871625e-06	0.00153116
5.8718750000000004e-06	0.00152111
5.872125e-06	0.00151106
5.872375e-06	0.00149095
5.872625e-06	0.0014809
5.872875e-06	0.00150101
5.873125e-06	0.00150101
5.873375e-06	0.00150101
5.873625e-06	0.00150101
5.873875e-06	0.00150101
5.874125e-06	0.00150101
5.874375e-06	0.00150101
5.874625e-06	0.00151106
5.874875e-06	0.00151106
5.875125e-06	0.00151106
5.8753750000000005e-06	0.00151106
5.875625e-06	0.00151106
5.875875e-06	0.00151106
5.8761250000000004e-06	0.00151106
5.876375e-06	0.00151106
5.876625e-06	0.00152111
5.876875e-06	0.00152111
5.877125e-06	0.00153116
5.877375e-06	0.00152111
5.877625e-06	0.00151106
5.877875e-06	0.00149095
5.878125e-06	0.0014809
5.878375e-06	0.00147085
5.878625e-06	0.00147085
5.8788750000000005e-06	0.00150101
5.879125e-06	0.00151106
5.879375e-06	0.00153116
5.8796250000000005e-06	0.00153116
5.879875e-06	0.00153116
5.880125e-06	0.00153116
5.8803750000000004e-06	0.00152111
5.880625e-06	0.00152111
5.880875e-06	0.00150101
5.881125e-06	0.0014809
5.881375e-06	0.00147085
5.881625e-06	0.00147085
5.881875e-06	0.0014809
5.882125e-06	0.0014809
5.882375e-06	0.00149095
5.882625e-06	0.00149095
5.882875e-06	0.00149095
5.883125e-06	0.00149095
5.883375e-06	0.00149095
5.883625e-06	0.00149095
5.8838750000000005e-06	0.00149095
5.884125e-06	0.00150101
5.884375e-06	0.00150101
5.8846250000000004e-06	0.00151106
5.884875e-06	0.00151106
5.885125e-06	0.00151106
5.885375e-06	0.00149095
5.885625e-06	0.00150101
5.885875e-06	0.00150101
5.886125e-06	0.00150101
5.886375e-06	0.00150101
5.886625e-06	0.00151106
5.886875e-06	0.00151106
5.887125e-06	0.00151106
5.8873750000000005e-06	0.00151106
5.887625e-06	0.00149095
5.887875e-06	0.0014809
5.8881250000000005e-06	0.00147085
5.888375e-06	0.0014809
5.888625e-06	0.00149095
5.8888750000000004e-06	0.00150101
5.889125e-06	0.00151106
5.889375e-06	0.00152111
5.889625e-06	0.00153116
5.889875e-06	0.00154121
5.890125e-06	0.00154121
5.890375e-06	0.00151106
5.890625e-06	0.00150101
5.890875e-06	0.00149095
5.891125e-06	0.00149095
5.891375e-06	0.00150101
5.891625e-06	0.00150101
5.891875e-06	0.00151106
5.892125e-06	0.00151106
5.8923750000000005e-06	0.00150101
5.892625e-06	0.00150101
5.892875e-06	0.00150101
5.8931250000000004e-06	0.00149095
5.893375e-06	0.00151106
5.893625e-06	0.00150101
5.893875e-06	0.00150101
5.894125e-06	0.00150101
5.894375e-06	0.0014809
5.894625e-06	0.00149095
5.894875e-06	0.00149095
5.895125e-06	0.00149095
5.895375e-06	0.00151106
5.895625e-06	0.00151106
5.8958750000000005e-06	0.00152111
5.896125e-06	0.00152111
5.896375e-06	0.00152111
5.8966250000000005e-06	0.00152111
5.896875e-06	0.00153116
5.897125e-06	0.00152111
5.8973750000000004e-06	0.00152111
5.897625e-06	0.00153116
5.897875e-06	0.00150101
5.898125e-06	0.00149095
5.898375e-06	0.00149095
5.898625e-06	0.00149095
5.898875e-06	0.00150101
5.899125e-06	0.00149095
5.899375e-06	0.00151106
5.899625e-06	0.00150101
5.899875e-06	0.00149095
5.900125e-06	0.00150101
5.900375e-06	0.00150101
5.900625e-06	0.00150101
5.9008750000000005e-06	0.00151106
5.901125e-06	0.00151106
5.901375e-06	0.00150101
5.9016250000000004e-06	0.00150101
5.901875e-06	0.00150101
5.902125e-06	0.00149095
5.902375e-06	0.00150101
5.902625e-06	0.00151106
5.902875e-06	0.00151106
5.903125e-06	0.00152111
5.903375e-06	0.00152111
5.903625e-06	0.00151106
5.903875e-06	0.00151106
5.904125e-06	0.00152111
5.9043750000000005e-06	0.00152111
5.904625e-06	0.00154121
5.904875e-06	0.00153116
5.9051250000000005e-06	0.00151106
5.905375e-06	0.00150101
5.905625e-06	0.00150101
5.9058750000000004e-06	0.00150101
5.906125e-06	0.00151106
5.906375e-06	0.00149095
5.906625e-06	0.00150101
5.906875e-06	0.00149095
5.907125e-06	0.00150101
5.907375e-06	0.00151106
5.907625e-06	0.00151106
5.907875e-06	0.00151106
5.908125e-06	0.00152111
5.908375e-06	0.00153116
5.908625e-06	0.00152111
5.908875e-06	0.00151106
5.909125e-06	0.00149095
5.9093750000000005e-06	0.00149095
5.909625e-06	0.00150101
5.909875e-06	0.00150101
5.9101250000000004e-06	0.00151106
5.910375e-06	0.00151106
5.910625e-06	0.00151106
5.910875e-06	0.00151106
5.911125e-06	0.00151106
5.911375e-06	0.00152111
5.911625e-06	0.00152111
5.911875e-06	0.00152111
5.912125e-06	0.00152111
5.912375e-06	0.00151106
5.912625e-06	0.00150101
5.9128750000000005e-06	0.00150101
5.913125e-06	0.00150101
5.913375e-06	0.0014809
5.9136250000000005e-06	0.00147085
5.913875e-06	0.00147085
5.914125e-06	0.0014608
5.9143750000000004e-06	0.00147085
5.914625e-06	0.0014809
5.914875e-06	0.00149095
5.915125e-06	0.0014809
5.915375e-06	0.00149095
5.915625e-06	0.00151106
5.915875e-06	0.00152111
5.916125e-06	0.00153116
5.916375e-06	0.00153116
5.916625e-06	0.00151106
5.916875e-06	0.00150101
5.917125e-06	0.00149095
5.917375e-06	0.0014809
5.917625e-06	0.0014809
5.9178750000000005e-06	0.00149095
5.918125e-06	0.00149095
5.918375e-06	0.0014809
5.9186250000000004e-06	0.0014809
5.918875e-06	0.0014809
5.919125e-06	0.0014809
5.919375e-06	0.0014809
5.919625e-06	0.0014809
5.919875e-06	0.00149095
5.920125e-06	0.0014809
5.920375e-06	0.00149095
5.920625e-06	0.0014809
5.920875e-06	0.00149095
5.921125e-06	0.0014809
5.9213750000000005e-06	0.00150101
5.921625e-06	0.00151106
5.921875e-06	0.00152111
5.9221250000000005e-06	0.00152111
5.922375e-06	0.00153116
5.922625e-06	0.00153116
5.9228750000000004e-06	0.00152111
5.923125e-06	0.00152111
5.923375e-06	0.00151106
5.923625e-06	0.00149095
5.923875e-06	0.00150101
5.924125e-06	0.00150101
5.924375e-06	0.00150101
5.924625e-06	0.00151106
5.924875e-06	0.00150101
5.925125e-06	0.00151106
5.925375e-06	0.00151106
5.925625e-06	0.00150101
5.925875e-06	0.00150101
5.926125e-06	0.00151106
5.9263750000000005e-06	0.00151106
5.926625e-06	0.00151106
5.926875e-06	0.00152111
5.9271250000000004e-06	0.00151106
5.927375e-06	0.00150101
5.927625e-06	0.00149095
5.927875e-06	0.0014809
5.928125e-06	0.0014809
5.928375e-06	0.00150101
5.928625e-06	0.00150101
5.928875e-06	0.00150101
5.929125e-06	0.0014809
5.929375e-06	0.00149095
5.929625e-06	0.0014809
5.9298750000000005e-06	0.00149095
5.930125e-06	0.00150101
5.930375e-06	0.00151106
5.9306250000000005e-06	0.00150101
5.930875e-06	0.00151106
5.931125e-06	0.00150101
5.9313750000000004e-06	0.00151106
5.931625e-06	0.00150101
5.931875e-06	0.00150101
5.932125e-06	0.00149095
5.932375e-06	0.00150101
5.932625e-06	0.00151106
5.932875e-06	0.00150101
5.933125e-06	0.00150101
5.933375e-06	0.0014809
5.933625e-06	0.00147085
5.933875e-06	0.00145075
5.934125e-06	0.00145075
5.934375e-06	0.0014608
5.934625e-06	0.00147085
5.9348750000000005e-06	0.0014809
5.935125e-06	0.00149095
5.935375e-06	0.0014809
5.9356250000000005e-06	0.0014809
5.935875e-06	0.00149095
5.936125e-06	0.00149095
5.936375e-06	0.0014809
5.936625e-06	0.00149095
5.936875e-06	0.00151106
5.937125e-06	0.00149095
5.937375e-06	0.00150101
5.937625e-06	0.00150101
5.937875e-06	0.00150101
5.938125e-06	0.00151106
5.9383750000000006e-06	0.00150101
5.938625e-06	0.00152111
5.938875e-06	0.00153116
5.9391250000000005e-06	0.00153116
5.939375e-06	0.00153116
5.939625e-06	0.00152111
5.9398750000000005e-06	0.00151106
5.940125e-06	0.00151106
5.940375e-06	0.00150101
5.940625e-06	0.00150101
5.940875e-06	0.0014809
5.941125e-06	0.0014809
5.941375e-06	0.00147085
5.941625e-06	0.00149095
5.941875e-06	0.00149095
5.942125e-06	0.00149095
5.942375e-06	0.00149095
5.942625e-06	0.00149095
5.942875e-06	0.00150101
5.943125e-06	0.0014809
5.9433750000000005e-06	0.00149095
5.943625e-06	0.00149095
5.943875e-06	0.00147085
5.9441250000000005e-06	0.0014809
5.944375e-06	0.0014809
5.944625e-06	0.00149095
5.944875e-06	0.0014809
5.945125e-06	0.00149095
5.945375e-06	0.00149095
5.945625e-06	0.00150101
5.945875e-06	0.00150101
5.946125e-06	0.00150101
5.946375e-06	0.00150101
5.946625e-06	0.00150101
5.9468750000000006e-06	0.00150101
5.947125e-06	0.00149095
5.947375e-06	0.00151106
5.9476250000000005e-06	0.00151106
5.947875e-06	0.00151106
5.948125e-06	0.00150101
5.9483750000000005e-06	0.00150101
5.948625e-06	0.00150101
5.948875e-06	0.00151106
5.949125e-06	0.00150101
5.949375e-06	0.00150101
5.949625e-06	0.0014809
5.949875e-06	0.00147085
5.950125e-06	0.0014809
5.950375e-06	0.00149095
5.950625e-06	0.00150101
5.950875e-06	0.00150101
5.951125e-06	0.00149095
5.951375e-06	0.00149095
5.951625e-06	0.00149095
5.9518750000000005e-06	0.00150101
5.952125e-06	0.00149095
5.952375e-06	0.00149095
5.9526250000000005e-06	0.00149095
5.952875e-06	0.0014809
5.953125e-06	0.0014809
5.953375e-06	0.0014608
5.953625e-06	0.0014608
5.953875e-06	0.00147085
5.954125e-06	0.00147085
5.954375e-06	0.0014809
5.954625e-06	0.0014809
5.954875e-06	0.00150101
5.955125e-06	0.00151106
5.9553750000000006e-06	0.00150101
5.955625e-06	0.00149095
5.955875e-06	0.0014809
5.9561250000000005e-06	0.00149095
5.956375e-06	0.00149095
5.956625e-06	0.00150101
5.9568750000000005e-06	0.00151106
5.957125e-06	0.00150101
5.957375e-06	0.00150101
5.957625e-06	0.00150101
5.957875e-06	0.00150101
5.958125e-06	0.00152111
5.958375e-06	0.00151106
5.958625e-06	0.00151106
5.958875e-06	0.00152111
5.959125e-06	0.00151106
5.959375e-06	0.00150101
5.959625e-06	0.00149095
5.959875e-06	0.00149095
5.960125e-06	0.00150101
5.9603750000000005e-06	0.00150101
5.960625e-06	0.00150101
5.960875e-06	0.00151106
5.9611250000000005e-06	0.00150101
5.961375e-06	0.00149095
5.961625e-06	0.00150101
5.961875e-06	0.00149095
5.962125e-06	0.00152111
5.962375e-06	0.00152111
5.962625e-06	0.00153116
5.962875e-06	0.00152111
5.963125e-06	0.00151106
5.963375e-06	0.00150101
5.963625e-06	0.00149095
5.9638750000000006e-06	0.00150101
5.964125e-06	0.00150101
5.964375e-06	0.00149095
5.9646250000000005e-06	0.00150101
5.964875e-06	0.00151106
5.965125e-06	0.00150101
5.9653750000000005e-06	0.00149095
5.965625e-06	0.0014809
5.965875e-06	0.00149095
5.966125e-06	0.00149095
5.966375e-06	0.00150101
5.966625e-06	0.00151106
5.966875e-06	0.00150101
5.967125e-06	0.00150101
5.967375e-06	0.00149095
5.967625e-06	0.00150101
5.967875e-06	0.0014809
5.968125e-06	0.00149095
5.968375e-06	0.0014809
5.968625e-06	0.00149095
5.9688750000000005e-06	0.00150101
5.969125e-06	0.00149095
5.969375e-06	0.0014809
5.9696250000000005e-06	0.00149095
5.969875e-06	0.0014809
5.970125e-06	0.00147085
5.970375e-06	0.00149095
5.970625e-06	0.00149095
5.970875e-06	0.00149095
5.971125e-06	0.0014809
5.971375e-06	0.0014809
5.971625e-06	0.00147085
5.971875e-06	0.0014809
5.972125e-06	0.00149095
5.9723750000000006e-06	0.0014809
5.972625e-06	0.00149095
5.972875e-06	0.00149095
5.9731250000000005e-06	0.00149095
5.973375e-06	0.00150101
5.973625e-06	0.00150101
5.9738750000000005e-06	0.00151106
5.974125e-06	0.00150101
5.974375e-06	0.00149095
5.974625e-06	0.0014809
5.974875e-06	0.0014809
5.975125e-06	0.0014809
5.975375e-06	0.0014809
5.975625e-06	0.0014809
5.975875e-06	0.00147085
5.976125e-06	0.00147085
5.976375e-06	0.00147085
5.976625e-06	0.00147085
5.976875e-06	0.00147085
5.977125e-06	0.00149095
5.9773750000000005e-06	0.00150101
5.977625e-06	0.00151106
5.977875e-06	0.00153116
5.9781250000000005e-06	0.00153116
5.978375e-06	0.00153116
5.978625e-06	0.00153116
5.978875e-06	0.00152111
5.979125e-06	0.00153116
5.979375e-06	0.00152111
5.979625e-06	0.00152111
5.979875e-06	0.00152111
5.980125e-06	0.00153116
5.980375e-06	0.00152111
5.980625e-06	0.00151106
5.9808750000000006e-06	0.00152111
5.981125e-06	0.00152111
5.981375e-06	0.00150101
5.9816250000000005e-06	0.00149095
5.981875e-06	0.0014809
5.982125e-06	0.00147085
5.9823750000000005e-06	0.0014809
5.982625e-06	0.00149095
5.982875e-06	0.00149095
5.983125e-06	0.00149095
5.983375e-06	0.00150101
5.983625e-06	0.00149095
5.983875e-06	0.00149095
5.984125e-06	0.00150101
5.984375e-06	0.00150101
5.984625e-06	0.00150101
5.984875e-06	0.00151106
5.985125e-06	0.00149095
5.985375e-06	0.00147085
5.985625e-06	0.0014608
5.985875e-06	0.0014608
5.986125e-06	0.00149095
5.986375e-06	0.00150101
5.9866250000000005e-06	0.00149095
5.986875e-06	0.00149095
5.987125e-06	0.00149095
5.987375e-06	0.00149095
5.987625e-06	0.0014809
5.987875e-06	0.00149095
5.988125e-06	0.00149095
5.988375e-06	0.00149095
5.988625e-06	0.00150101
5.988875e-06	0.00151106
5.989125e-06	0.00151106
5.9893750000000006e-06	0.00150101
5.989625e-06	0.00151106
5.989875e-06	0.00150101
5.9901250000000005e-06	0.00149095
5.990375e-06	0.0014809
5.990625e-06	0.00150101
5.9908750000000005e-06	0.00151106
5.991125e-06	0.00151106
5.991375e-06	0.00150101
5.991625e-06	0.0014809
5.991875e-06	0.00150101
5.992125e-06	0.00150101
5.992375e-06	0.00151106
5.992625e-06	0.00150101
5.992875e-06	0.00150101
5.993125e-06	0.00149095
5.993375e-06	0.00149095
5.993625e-06	0.00149095
5.993875e-06	0.00147085
5.994125e-06	0.0014809
5.994375e-06	0.0014809
5.994625e-06	0.00149095
5.994875e-06	0.00149095
5.9951250000000005e-06	0.00149095
5.995375e-06	0.00147085
5.995625e-06	0.0014809
5.9958750000000004e-06	0.00147085
5.996125e-06	0.00147085
5.996375e-06	0.00149095
5.996625e-06	0.00149095
5.996875e-06	0.00150101
5.997125e-06	0.00150101
5.997375e-06	0.00149095
5.997625e-06	0.00149095
5.997875e-06	0.00149095
5.998125e-06	0.0014809
5.998375e-06	0.0014809
5.9986250000000005e-06	0.00147085
5.998875e-06	0.00147085
5.999125e-06	0.00147085
5.9993750000000005e-06	0.00147085
5.999625e-06	0.0014809
5.999875e-06	0.00150101
6.0001250000000004e-06	0.00151106
6.000375e-06	0.00152111
6.000625e-06	0.00152111
6.000875e-06	0.00152111
6.001125e-06	0.00149095
6.001375e-06	0.00149095
6.001625e-06	0.00149095
6.001875e-06	0.00150101
6.002125e-06	0.00150101
6.002375e-06	0.00151106
6.002625e-06	0.00152111
6.002875e-06	0.00152111
6.003125e-06	0.00152111
6.003375e-06	0.00150101
6.0036250000000005e-06	0.00151106
6.003875e-06	0.00151106
6.004125e-06	0.00151106
6.0043750000000004e-06	0.00150101
6.004625e-06	0.00150101
6.004875e-06	0.0014809
6.005125e-06	0.00149095
6.005375e-06	0.0014809
6.005625e-06	0.00149095
6.005875e-06	0.00149095
6.006125e-06	0.00150101
6.006375e-06	0.00149095
6.006625e-06	0.00147085
6.006875e-06	0.00147085
6.0071250000000005e-06	0.00147085
6.007375e-06	0.00149095
6.007625e-06	0.00149095
6.0078750000000005e-06	0.0014809
6.008125e-06	0.00147085
6.008375e-06	0.0014809
6.0086250000000004e-06	0.00151106
6.008875e-06	0.00152111
6.009125e-06	0.00150101
6.009375e-06	0.00150101
6.009625e-06	0.00150101
6.009875e-06	0.00149095
6.010125e-06	0.00150101
6.010375e-06	0.00149095
6.010625e-06	0.0014809
6.010875e-06	0.0014608
6.011125e-06	0.0014407
6.011375e-06	0.0014407
6.011625e-06	0.00143065
6.011875e-06	0.0014608
6.0121250000000005e-06	0.00145075
6.012375e-06	0.0014608
6.012625e-06	0.00145075
6.0128750000000004e-06	0.00143065
6.013125e-06	0.0014206
6.013375e-06	0.00143065
6.013625e-06	0.0014608
6.013875e-06	0.0014608
6.014125e-06	0.0014608
6.014375e-06	0.00147085
6.014625e-06	0.0014608
6.014875e-06	0.00147085
6.015125e-06	0.0014809
6.015375e-06	0.00150101
6.0156250000000005e-06	0.00149095
6.015875e-06	0.00149095
6.016125e-06	0.00149095
6.0163750000000005e-06	0.00149095
6.016625e-06	0.00150101
6.016875e-06	0.00150101
6.0171250000000004e-06	0.00149095
6.017375e-06	0.00150101
6.017625e-06	0.0014809
6.017875e-06	0.0014608
6.018125e-06	0.0014608
6.018375e-06	0.0014608
6.018625e-06	0.00147085
6.018875e-06	0.00149095
6.019125e-06	0.00149095
6.019375e-06	0.00149095
6.019625e-06	0.00151106
6.019875e-06	0.00149095
6.020125e-06	0.00150101
6.020375e-06	0.0014809
6.0206250000000005e-06	0.00149095
6.020875e-06	0.00149095
6.021125e-06	0.00149095
6.0213750000000004e-06	0.00150101
6.021625e-06	0.00150101
6.021875e-06	0.00149095
6.022125e-06	0.00150101
6.022375e-06	0.00150101
6.022625e-06	0.00150101
6.022875e-06	0.00150101
6.023125e-06	0.00149095
6.023375e-06	0.00149095
6.023625e-06	0.00149095
6.023875e-06	0.00150101
6.0241250000000005e-06	0.00149095
6.024375e-06	0.00150101
6.024625e-06	0.00151106
6.0248750000000005e-06	0.00150101
6.025125e-06	0.00151106
6.025375e-06	0.00151106
6.0256250000000004e-06	0.00150101
6.025875e-06	0.00149095
6.026125e-06	0.0014809
6.026375e-06	0.0014809
6.026625e-06	0.0014809
6.026875e-06	0.00149095
6.027125e-06	0.00149095
6.027375e-06	0.0014809
6.027625e-06	0.0014608
6.027875e-06	0.00147085
6.028125e-06	0.0014809
6.028375e-06	0.00147085
6.028625e-06	0.00147085
6.028875e-06	0.00149095
6.0291250000000005e-06	0.00149095
6.029375e-06	0.00149095
6.029625e-06	0.00149095
6.0298750000000004e-06	0.00147085
6.030125e-06	0.00147085
6.030375e-06	0.00147085
6.030625e-06	0.0014809
6.030875e-06	0.0014809
6.031125e-06	0.0014809
6.031375e-06	0.0014809
6.031625e-06	0.00147085
6.031875e-06	0.00147085
6.032125e-06	0.00147085
6.032375e-06	0.0014809
6.0326250000000005e-06	0.0014809
6.032875e-06	0.0014809
6.033125e-06	0.0014809
6.0333750000000005e-06	0.00147085
6.033625e-06	0.00147085
6.033875e-06	0.00145075
6.0341250000000004e-06	0.0014407
6.034375e-06	0.0014407
6.034625e-06	0.0014608
6.034875e-06	0.0014809
6.035125e-06	0.00149095
6.035375e-06	0.00150101
6.035625e-06	0.00149095
6.035875e-06	0.0014809
6.036125e-06	0.0014809
6.036375e-06	0.00147085
6.036625e-06	0.00147085
6.036875e-06	0.0014809
6.037125e-06	0.0014809
6.037375e-06	0.00149095
6.0376250000000005e-06	0.00150101
6.037875e-06	0.00150101
6.038125e-06	0.00150101
6.0383750000000004e-06	0.00151106
6.038625e-06	0.00150101
6.038875e-06	0.00151106
6.039125e-06	0.00149095
6.039375e-06	0.00147085
6.039625e-06	0.0014608
6.039875e-06	0.0014608
6.040125e-06	0.00147085
6.040375e-06	0.00147085
6.040625e-06	0.0014809
6.040875e-06	0.00147085
6.0411250000000005e-06	0.0014608
6.041375e-06	0.0014608
6.041625e-06	0.00147085
6.0418750000000005e-06	0.00147085
6.042125e-06	0.0014608
6.042375e-06	0.0014809
6.0426250000000004e-06	0.0014809
6.042875e-06	0.0014809
6.043125e-06	0.00149095
6.043375e-06	0.00150101
6.043625e-06	0.00151106
6.043875e-06	0.00151106
6.044125e-06	0.00151106
6.044375e-06	0.00152111
6.044625e-06	0.00150101
6.044875e-06	0.00150101
6.045125e-06	0.00150101
6.045375e-06	0.00149095
6.045625e-06	0.00150101
6.045875e-06	0.00150101
6.0461250000000005e-06	0.00149095
6.046375e-06	0.00150101
6.046625e-06	0.00150101
6.0468750000000004e-06	0.0014809
6.047125e-06	0.0014809
6.047375e-06	0.00147085
6.047625e-06	0.00147085
6.047875e-06	0.00149095
6.048125e-06	0.00150101
6.048375e-06	0.00150101
6.048625e-06	0.00150101
6.048875e-06	0.00150101
6.049125e-06	0.00151106
6.049375e-06	0.00151106
6.0496250000000005e-06	0.00151106
6.049875e-06	0.00152111
6.050125e-06	0.00153116
6.0503750000000005e-06	0.00152111
6.050625e-06	0.00152111
6.050875e-06	0.00152111
6.0511250000000004e-06	0.00152111
6.051375e-06	0.00152111
6.051625e-06	0.00151106
6.051875e-06	0.00150101
6.052125e-06	0.0014809
6.052375e-06	0.0014809
6.052625e-06	0.00147085
6.052875e-06	0.00149095
6.053125e-06	0.00150101
6.053375e-06	0.00151106
6.053625e-06	0.00150101
6.053875e-06	0.00151106
6.054125e-06	0.00150101
6.054375e-06	0.00151106
6.0546250000000005e-06	0.00151106
6.054875e-06	0.00151106
6.055125e-06	0.0014809
6.0553750000000004e-06	0.00149095
6.055625e-06	0.00150101
6.055875e-06	0.00149095
6.056125e-06	0.00151106
6.056375e-06	0.00151106
6.056625e-06	0.00150101
6.056875e-06	0.00150101
6.057125e-06	0.00150101
6.057375e-06	0.00150101
6.057625e-06	0.00151106
6.057875e-06	0.00151106
6.0581250000000005e-06	0.00151106
6.058375e-06	0.00152111
6.058625e-06	0.00151106
6.0588750000000005e-06	0.00150101
6.059125e-06	0.00150101
6.059375e-06	0.0014809
6.0596250000000004e-06	0.0014608
6.059875e-06	0.0014809
6.060125e-06	0.0014809
6.060375e-06	0.0014809
6.060625e-06	0.00149095
6.060875e-06	0.0014809
6.061125e-06	0.00149095
6.061375e-06	0.0014809
6.061625e-06	0.00149095
6.061875e-06	0.0014809
6.062125e-06	0.00149095
6.062375e-06	0.00150101
6.062625e-06	0.00150101
6.062875e-06	0.00150101
6.0631250000000005e-06	0.00149095
6.063375e-06	0.0014809
6.063625e-06	0.0014809
6.0638750000000005e-06	0.0014809
6.064125e-06	0.0014809
6.064375e-06	0.0014809
6.064625e-06	0.00149095
6.064875e-06	0.00149095
6.065125e-06	0.0014809
6.065375e-06	0.00147085
6.065625e-06	0.00147085
6.065875e-06	0.0014608
6.066125e-06	0.00145075
6.066375e-06	0.00145075
6.0666250000000006e-06	0.0014608
6.066875e-06	0.0014608
6.067125e-06	0.0014809
6.0673750000000005e-06	0.00147085
6.067625e-06	0.0014608
6.067875e-06	0.00147085
6.0681250000000005e-06	0.00147085
6.068375e-06	0.00149095
6.068625e-06	0.00149095
6.068875e-06	0.00150101
6.069125e-06	0.00149095
6.069375e-06	0.00149095
6.069625e-06	0.00149095
6.069875e-06	0.00150101
6.070125e-06	0.00149095
6.070375e-06	0.00150101
6.070625e-06	0.00151106
6.070875e-06	0.00151106
6.071125e-06	0.00152111
6.071375e-06	0.00151106
6.0716250000000005e-06	0.00151106
6.071875e-06	0.00150101
6.072125e-06	0.00149095
6.0723750000000005e-06	0.0014809
6.072625e-06	0.0014809
6.072875e-06	0.00149095
6.073125e-06	0.00149095
6.073375e-06	0.00147085
6.073625e-06	0.0014809
6.073875e-06	0.00147085
6.074125e-06	0.00147085
6.074375e-06	0.00147085
6.074625e-06	0.00147085
6.074875e-06	0.0014608
6.0751250000000006e-06	0.0014608
6.075375e-06	0.00147085
6.075625e-06	0.0014809
6.0758750000000005e-06	0.0014809
6.076125e-06	0.00151106
6.076375e-06	0.00151106
6.0766250000000005e-06	0.00151106
6.076875e-06	0.00151106
6.077125e-06	0.00151106
6.077375e-06	0.00151106
6.077625e-06	0.00149095
6.077875e-06	0.00152111
6.078125e-06	0.00151106
6.078375e-06	0.00153116
6.078625e-06	0.00151106
6.078875e-06	0.00151106
6.079125e-06	0.00149095
6.079375e-06	0.0014809
6.079625e-06	0.00149095
6.079875e-06	0.0014809
6.0801250000000005e-06	0.00149095
6.080375e-06	0.00149095
6.080625e-06	0.0014809
6.0808750000000005e-06	0.00147085
6.081125e-06	0.00147085
6.081375e-06	0.00147085
6.081625e-06	0.0014608
6.081875e-06	0.0014608
6.082125e-06	0.00147085
6.082375e-06	0.0014608
6.082625e-06	0.00147085
6.082875e-06	0.00149095
6.083125e-06	0.00149095
6.083375e-06	0.0014809
6.0836250000000006e-06	0.00149095
6.083875e-06	0.00147085
6.084125e-06	0.00147085
6.0843750000000005e-06	0.00147085
6.084625e-06	0.00147085
6.084875e-06	0.00149095
6.0851250000000005e-06	0.0014809
6.085375e-06	0.00150101
6.085625e-06	0.00149095
6.085875e-06	0.00150101
6.086125e-06	0.00149095
6.086375e-06	0.00150101
6.086625e-06	0.00150101
6.086875e-06	0.00149095
6.087125e-06	0.00149095
6.087375e-06	0.00149095
6.087625e-06	0.0014809
6.087875e-06	0.0014809
6.088125e-06	0.0014809
6.088375e-06	0.00147085
6.0886250000000005e-06	0.00147085
6.088875e-06	0.00147085
6.089125e-06	0.00149095
6.0893750000000005e-06	0.00150101
6.089625e-06	0.00150101
6.089875e-06	0.00150101
6.090125e-06	0.00150101
6.090375e-06	0.00151106
6.090625e-06	0.00150101
6.090875e-06	0.00150101
6.091125e-06	0.00149095
6.091375e-06	0.00149095
6.091625e-06	0.00149095
6.091875e-06	0.00150101
6.0921250000000006e-06	0.00150101
6.092375e-06	0.00150101
6.092625e-06	0.00150101
6.0928750000000005e-06	0.00150101
6.093125e-06	0.00151106
6.093375e-06	0.00150101
6.0936250000000005e-06	0.00150101
6.093875e-06	0.00150101
6.094125e-06	0.00150101
6.094375e-06	0.00150101
6.094625e-06	0.00151106
6.094875e-06	0.00150101
6.095125e-06	0.00151106
6.095375e-06	0.00150101
6.095625e-06	0.00149095
6.095875e-06	0.00149095
6.096125e-06	0.00151106
6.096375e-06	0.00151106
6.096625e-06	0.00150101
6.096875e-06	0.00150101
6.0971250000000005e-06	0.00150101
6.097375e-06	0.00150101
6.097625e-06	0.00151106
6.0978750000000005e-06	0.00151106
6.098125e-06	0.00150101
6.098375e-06	0.00150101
6.098625e-06	0.00149095
6.098875e-06	0.00149095
6.099125e-06	0.00150101
6.099375e-06	0.00150101
6.099625e-06	0.00151106
6.099875e-06	0.00151106
6.100125e-06	0.00151106
6.100375e-06	0.00150101
6.1006250000000006e-06	0.00149095
6.100875e-06	0.0014809
6.101125e-06	0.00149095
6.1013750000000005e-06	0.00150101
6.101625e-06	0.00151106
6.101875e-06	0.00149095
6.1021250000000005e-06	0.00147085
6.102375e-06	0.00147085
6.102625e-06	0.0014608
6.102875e-06	0.00147085
6.103125e-06	0.0014809
6.103375e-06	0.00150101
6.103625e-06	0.00151106
6.103875e-06	0.00151106
6.104125e-06	0.00150101
6.104375e-06	0.00150101
6.104625e-06	0.00149095
6.104875e-06	0.00150101
6.105125e-06	0.00151106
6.105375e-06	0.00150101
6.1056250000000005e-06	0.00151106
6.105875e-06	0.00150101
6.106125e-06	0.00150101
6.1063750000000005e-06	0.00149095
6.106625e-06	0.00149095
6.106875e-06	0.0014809
6.107125e-06	0.00149095
6.107375e-06	0.00150101
6.107625e-06	0.00150101
6.107875e-06	0.00151106
6.108125e-06	0.00149095
6.108375e-06	0.0014809
6.108625e-06	0.0014809
6.108875e-06	0.00147085
6.1091250000000006e-06	0.0014809
6.109375e-06	0.0014809
6.109625e-06	0.00149095
6.1098750000000005e-06	0.00149095
6.110125e-06	0.0014809
6.110375e-06	0.00149095
6.1106250000000005e-06	0.00149095
6.110875e-06	0.00150101
6.111125e-06	0.00152111
6.111375e-06	0.00154121
6.111625e-06	0.00153116
6.111875e-06	0.00152111
6.112125e-06	0.00152111
6.112375e-06	0.00150101
6.112625e-06	0.00150101
6.112875e-06	0.00151106
6.113125e-06	0.00151106
6.113375e-06	0.00149095
6.113625e-06	0.00149095
6.113875e-06	0.00149095
6.1141250000000005e-06	0.00150101
6.114375e-06	0.00152111
6.114625e-06	0.00152111
6.1148750000000005e-06	0.00153116
6.115125e-06	0.00152111
6.115375e-06	0.00152111
6.115625e-06	0.00152111
6.115875e-06	0.00152111
6.116125e-06	0.00152111
6.116375e-06	0.00152111
6.116625e-06	0.00153116
6.116875e-06	0.00152111
6.117125e-06	0.00152111
6.117375e-06	0.00151106
6.1176250000000006e-06	0.00150101
6.117875e-06	0.00149095
6.118125e-06	0.00150101
6.1183750000000005e-06	0.00150101
6.118625e-06	0.00150101
6.118875e-06	0.00150101
6.1191250000000005e-06	0.00151106
6.119375e-06	0.00151106
6.119625e-06	0.00152111
6.119875e-06	0.00152111
6.120125e-06	0.00152111
6.120375e-06	0.00152111
6.120625e-06	0.00153116
6.120875e-06	0.00151106
6.121125e-06	0.00150101
6.121375e-06	0.00150101
6.121625e-06	0.00149095
6.121875e-06	0.00149095
6.122125e-06	0.00149095
6.122375e-06	0.00149095
6.1226250000000005e-06	0.00150101
6.122875e-06	0.00149095
6.123125e-06	0.00150101
6.1233750000000005e-06	0.00151106
6.123625e-06	0.00152111
6.123875e-06	0.00151106
6.1241250000000004e-06	0.00151106
6.124375e-06	0.00152111
6.124625e-06	0.00152111
6.124875e-06	0.00153116
6.125125e-06	0.00154121
6.125375e-06	0.00153116
6.125625e-06	0.00153116
6.125875e-06	0.00151106
6.1261250000000006e-06	0.00151106
6.126375e-06	0.00151106
6.126625e-06	0.00152111
6.1268750000000005e-06	0.00152111
6.127125e-06	0.00152111
6.127375e-06	0.00150101
6.1276250000000005e-06	0.0014809
6.127875e-06	0.00147085
6.128125e-06	0.00149095
6.1283750000000004e-06	0.00150101
6.128625e-06	0.00151106
6.128875e-06	0.00150101
6.129125e-06	0.00149095
6.129375e-06	0.0014809
6.129625e-06	0.00150101
6.129875e-06	0.00150101
6.130125e-06	0.0014809
6.130375e-06	0.0014809
6.130625e-06	0.00149095
6.130875e-06	0.00149095
6.1311250000000005e-06	0.0014809
6.131375e-06	0.00147085
6.131625e-06	0.00147085
6.1318750000000005e-06	0.0014809
6.132125e-06	0.0014809
6.132375e-06	0.00149095
6.1326250000000004e-06	0.00149095
6.132875e-06	0.00150101
6.133125e-06	0.00150101
6.133375e-06	0.00151106
6.133625e-06	0.00152111
6.133875e-06	0.00152111
6.134125e-06	0.00153116
6.134375e-06	0.00152111
6.134625000000001e-06	0.00150101
6.134875e-06	0.00150101
6.135125e-06	0.00151106
6.1353750000000005e-06	0.00151106
6.135625e-06	0.00150101
6.135875e-06	0.00151106
6.1361250000000005e-06	0.00150101
6.136375e-06	0.00150101
6.136625e-06	0.0014809
6.1368750000000004e-06	0.00147085
6.137125e-06	0.00147085
6.137375e-06	0.00147085
6.137625e-06	0.00149095
6.137875e-06	0.00149095
6.138125e-06	0.00150101
6.138375e-06	0.00149095
6.138625e-06	0.0014809
6.138875e-06	0.0014809
6.139125e-06	0.00147085
6.139375e-06	0.0014809
6.139625e-06	0.0014809
6.139875e-06	0.00149095
6.140125e-06	0.00150101
6.1403750000000005e-06	0.00152111
6.140625e-06	0.00151106
6.140875e-06	0.00150101
6.1411250000000004e-06	0.00149095
6.141375e-06	0.0014809
6.141625e-06	0.00147085
6.141875e-06	0.00149095
6.142125e-06	0.00149095
6.142375e-06	0.0014809
6.142625e-06	0.00147085
6.142875e-06	0.00147085
6.143125000000001e-06	0.00147085
6.143375e-06	0.00150101
6.143625e-06	0.00150101
6.1438750000000005e-06	0.0014809
6.144125e-06	0.0014809
6.144375e-06	0.00145075
6.1446250000000005e-06	0.0014809
6.144875e-06	0.00150101
6.145125e-06	0.00150101
6.1453750000000004e-06	0.00151106
6.145625e-06	0.00150101
6.145875e-06	0.00149095
6.146125e-06	0.00149095
6.146375e-06	0.00147085
6.146625e-06	0.00149095
6.146875e-06	0.00149095
6.147125e-06	0.00151106
6.147375e-06	0.00150101
6.147625e-06	0.00150101
6.147875e-06	0.00152111
6.148125e-06	0.00152111
6.148375e-06	0.00151106
6.148625e-06	0.00151106
6.1488750000000005e-06	0.00150101
6.149125e-06	0.0014809
6.149375e-06	0.0014809
6.1496250000000004e-06	0.0014809
6.149875e-06	0.0014809
6.150125e-06	0.0014809
6.150375e-06	0.00149095
6.150625e-06	0.00149095
6.150875e-06	0.00150101
6.151125e-06	0.00149095
6.151375e-06	0.00149095
6.151625e-06	0.00149095
6.151875e-06	0.00150101
6.152125e-06	0.00150101
6.1523750000000005e-06	0.00150101
6.152625e-06	0.00150101
6.152875e-06	0.00149095
6.1531250000000005e-06	0.00147085
6.153375e-06	0.0014809
6.153625e-06	0.0014809
6.1538750000000004e-06	0.0014809
6.154125e-06	0.0014809
6.154375e-06	0.0014809
6.154625e-06	0.0014809
6.154875e-06	0.0014809
6.155125e-06	0.00149095
6.155375e-06	0.00149095
6.155625e-06	0.00149095
6.155875e-06	0.0014809
6.156125e-06	0.00149095
6.156375e-06	0.00149095
6.156625e-06	0.00151106
6.156875e-06	0.00152111
6.157125e-06	0.00152111
6.1573750000000005e-06	0.00151106
6.157625e-06	0.00151106
6.157875e-06	0.00149095
6.1581250000000004e-06	0.0014608
6.158375e-06	0.0014407
6.158625e-06	0.0014407
6.158875e-06	0.0014407
6.159125e-06	0.00145075
6.159375e-06	0.0014608
6.159625e-06	0.00147085
6.159875e-06	0.00147085
6.160125e-06	0.0014608
6.160375e-06	0.0014608
6.160625e-06	0.00147085
6.1608750000000005e-06	0.0014809
6.161125e-06	0.00149095
6.161375e-06	0.00150101
6.1616250000000005e-06	0.00150101
6.161875e-06	0.00150101
6.162125e-06	0.00150101
6.1623750000000004e-06	0.00150101
6.162625e-06	0.00150101
6.162875e-06	0.00151106
6.163125e-06	0.00150101
6.163375e-06	0.00151106
6.163625e-06	0.00151106
6.163875e-06	0.00151106
6.164125e-06	0.00149095
6.164375e-06	0.00149095
6.164625e-06	0.0014809
6.164875e-06	0.00147085
6.165125e-06	0.0014608
6.165375e-06	0.00145075
6.165625e-06	0.0014407
6.1658750000000005e-06	0.0014407
6.166125e-06	0.0014407
6.166375e-06	0.00145075
6.1666250000000004e-06	0.00145075
6.166875e-06	0.0014608
6.167125e-06	0.00145075
6.167375e-06	0.00145075
6.167625e-06	0.00145075
6.167875e-06	0.00145075
6.168125e-06	0.00147085
6.168375e-06	0.00147085
6.168625000000001e-06	0.0014809
6.168875e-06	0.00147085
6.169125e-06	0.0014608
6.1693750000000005e-06	0.0014608
6.169625e-06	0.00145075
6.169875e-06	0.0014608
6.1701250000000005e-06	0.00145075
6.170375e-06	0.0014608
6.170625e-06	0.0014608
6.1708750000000004e-06	0.00147085
6.171125e-06	0.0014809
6.171375e-06	0.00147085
6.171625e-06	0.00147085
6.171875e-06	0.0014608
6.172125e-06	0.00147085
6.172375e-06	0.0014809
6.172625e-06	0.0014809
6.172875e-06	0.0014608
6.173125e-06	0.00147085
6.173375e-06	0.00147085
6.173625e-06	0.00145075
6.173875e-06	0.0014407
6.174125e-06	0.00145075
6.1743750000000005e-06	0.0014608
6.174625e-06	0.0014608
6.174875e-06	0.0014809
6.1751250000000004e-06	0.00149095
6.175375e-06	0.00150101
6.175625e-06	0.00149095
6.175875e-06	0.0014809
6.176125e-06	0.0014809
6.176375e-06	0.00147085
6.176625e-06	0.0014809
6.176875e-06	0.0014809
6.177125000000001e-06	0.0014809
6.177375e-06	0.00149095
6.177625e-06	0.0014809
6.1778750000000005e-06	0.0014809
6.178125e-06	0.0014608
6.178375e-06	0.0014608
6.1786250000000005e-06	0.00147085
6.178875e-06	0.0014809
6.179125e-06	0.00149095
6.1793750000000004e-06	0.00149095
6.179625e-06	0.00150101
6.179875e-06	0.00150101
6.180125e-06	0.00150101
6.180375e-06	0.00147085
6.180625e-06	0.00147085
6.180875e-06	0.00145075
6.181125e-06	0.00145075
6.181375e-06	0.00145075
6.181625e-06	0.0014608
6.181875e-06	0.00147085
6.182125e-06	0.0014809
6.182375e-06	0.00149095
6.182625e-06	0.00149095
6.1828750000000005e-06	0.00147085
6.183125e-06	0.00149095
6.183375e-06	0.00149095
6.1836250000000004e-06	0.00149095
6.183875e-06	0.00151106
